0 [best: 1000]
0, 0 [best: 1000]
0, 1 [best: 1000]
0, 2 [best: 1000]
0, 3 [best: 1000]
0, 4 [best: 1000]
0, 5 [best: 1000]
0, 6 [best: 1000]
0, 7 [best: 1000]
0, 8 [best: 1000]
0, 9 [best: 1000]
0, 10 [best: 1000]
0, 11 [best: 1000]
0, 12 [best: 1000]
0, 13 [best: 1000]
0, 14 [best: 1000]
0, 15 [best: 1000]
0, 16 [best: 1000]
0, 17 [best: 1000]
0, 18 [best: 1000]
0, 19 [best: 1000]
0, 20 [best: 1000]
0, 21 [best: 1000]
0, 22 [best: 1000]
0, 23 [best: 1000]
0, 24 [best: 1000]
0, 25 [best: 1000]
0, 26 [best: 1000]
0, 27 [best: 1000]
0, 28 [best: 1000]
1 [best: 1000]
1, 0 [best: 1000]
1, 2 [best: 1000]
1, 3 [best: 1000]
1, 4 [best: 1000]
1, 5 [best: 1000]
1, 6 [best: 1000]
1, 7 [best: 1000]
1, 8 [best: 1000]
1, 9 [best: 1000]
1, 10 [best: 1000]
1, 11 [best: 1000]
1, 12 [best: 1000]
1, 13 [best: 1000]
1, 14 [best: 1000]
1, 15 [best: 1000]
1, 16 [best: 1000]
1, 17 [best: 1000]
1, 18 [best: 1000]
1, 19 [best: 1000]
1, 20 [best: 1000]
1, 21 [best: 1000]
1, 22 [best: 1000]
1, 23 [best: 1000]
1, 24 [best: 1000]
1, 25 [best: 1000]
1, 26 [best: 1000]
2 [best: 1000]
2, 0 [best: 1000]
2, 1 [best: 1000]
2, 2 [best: 1000]
2, 4 [best: 1000]
2, 6 [best: 1000]
2, 7 [best: 1000]
2, 8 [best: 1000]
2, 9 [best: 1000]
2, 10 [best: 1000]
2, 11 [best: 1000]
2, 12 [best: 1000]
2, 13 [best: 1000]
2, 14 [best: 1000]
2, 15 [best: 1000]
2, 16 [best: 1000]
2, 17 [best: 1000]
2, 18 [best: 1000]
2, 19 [best: 1000]
2, 20 [best: 1000]
2, 21 [best: 1000]
2, 22 [best: 1000]
2, 23 [best: 1000]
2, 24 [best: 1000]
2, 25 [best: 1000]
2, 26 [best: 1000]
3 [best: 1000]
3, 0 [best: 1000]
3, 3 [best: 1000]
3, 4 [best: 1000]
3, 5 [best: 1000]
3, 6 [best: 1000]
3, 7 [best: 1000]
3, 8 [best: 1000]
3, 9 [best: 1000]
3, 10 [best: 1000]
3, 12 [best: 1000]
3, 13 [best: 1000]
3, 14 [best: 1000]
3, 15 [best: 1000]
3, 16 [best: 1000]
3, 17 [best: 1000]
3, 18 [best: 1000]
3, 19 [best: 1000]
3, 20 [best: 1000]
3, 21 [best: 1000]
3, 22 [best: 1000]
3, 23 [best: 1000]
3, 24 [best: 1000]
3, 25 [best: 1000]
3, 26 [best: 1000]
4 [best: 1000]
4, 0 [best: 1000]
4, 3 [best: 1000]
4, 5 [best: 1000]
4, 6 [best: 1000]
4, 7 [best: 1000]
4, 8 [best: 1000]
4, 9 [best: 1000]
4, 10 [best: 1000]
4, 11 [best: 1000]
4, 12 [best: 1000]
4, 13 [best: 1000]
4, 14 [best: 1000]
4, 15 [best: 1000]
4, 16 [best: 1000]
4, 17 [best: 1000]
4, 18 [best: 1000]
4, 19 [best: 1000]
4, 20 [best: 1000]
4, 21 [best: 1000]
4, 23 [best: 1000]
4, 24 [best: 1000]
4, 25 [best: 1000]
4, 26 [best: 1000]
4, 27 [best: 1000]
4, 28 [best: 1000]
5 [best: 1000]
5, 0 [best: 1000]
5, 3 [best: 1000]
5, 7 [best: 1000]
5, 8 [best: 1000]
5, 9 [best: 1000]
5, 10 [best: 1000]
5, 11 [best: 1000]
5, 12 [best: 1000]
5, 13 [best: 1000]
5, 14 [best: 1000]
5, 15 [best: 1000]
5, 16 [best: 1000]
5, 17 [best: 1000]
5, 18 [best: 1000]
5, 19 [best: 1000]
5, 20 [best: 1000]
5, 21 [best: 1000]
5, 22 [best: 1000]
5, 23 [best: 1000]
5, 24 [best: 1000]
5, 25 [best: 1000]
5, 26 [best: 1000]
5, 27 [best: 1000]
5, 28 [best: 1000]
6 [best: 1000]
6, 2 [best: 1000]
6, 3 [best: 1000]
6, 4 [best: 1000]
6, 5 [best: 1000]
6, 10 [best: 1000]
6, 11 [best: 1000]
6, 12 [best: 1000]
6, 13 [best: 1000]
6, 14 [best: 1000]
6, 15 [best: 1000]
6, 16 [best: 1000]
6, 17 [best: 1000]
6, 18 [best: 1000]
6, 19 [best: 1000]
6, 20 [best: 1000]
6, 21 [best: 1000]
6, 22 [best: 1000]
6, 23 [best: 1000]
6, 24 [best: 1000]
6, 25 [best: 1000]
6, 26 [best: 1000]
6, 27 [best: 1000]
6, 28 [best: 1000]
7 [best: 1000]
7, 0 [best: 1000]
7, 3 [best: 1000]
7, 6 [best: 1000]
7, 8 [best: 1000]
7, 10 [best: 1000]
7, 11 [best: 1000]
7, 12 [best: 1000]
7, 13 [best: 1000]
7, 14 [best: 1000]
7, 15 [best: 1000]
7, 17 [best: 1000]
7, 18 [best: 1000]
7, 19 [best: 1000]
7, 20 [best: 1000]
7, 21 [best: 1000]
7, 22 [best: 1000]
7, 23 [best: 1000]
7, 24 [best: 1000]
7, 25 [best: 1000]
7, 26 [best: 1000]
8 [best: 1000]
8, 0 [best: 1000]
8, 6 [best: 1000]
8, 7 [best: 1000]
8, 11 [best: 1000]
8, 12 [best: 1000]
8, 13 [best: 1000]
8, 14 [best: 1000]
8, 15 [best: 1000]
8, 16 [best: 1000]
8, 17 [best: 1000]
8, 18 [best: 1000]
8, 19 [best: 1000]
8, 20 [best: 1000]
8, 21 [best: 1000]
8, 22 [best: 1000]
8, 23 [best: 1000]
8, 24 [best: 1000]
8, 25 [best: 1000]
8, 26 [best: 1000]
9 [best: 1000]
9, 4 [best: 1000]
9, 6 [best: 1000]
9, 7 [best: 1000]
9, 8 [best: 1000]
9, 10 [best: 1000]
9, 11 [best: 1000]
9, 14 [best: 1000]
9, 15 [best: 1000]
9, 16 [best: 1000]
9, 17 [best: 1000]
9, 18 [best: 1000]
9, 20 [best: 1000]
9, 21 [best: 1000]
9, 22 [best: 1000]
9, 23 [best: 1000]
9, 24 [best: 1000]
9, 25 [best: 1000]
9, 26 [best: 1000]
9, 27 [best: 1000]
9, 28 [best: 1000]
10 [best: 1000]
10, 0 [best: 1000]
10, 2 [best: 1000]
10, 3 [best: 1000]
10, 9 [best: 1000]
10, 14 [best: 1000]
10, 15 [best: 1000]
10, 16 [best: 1000]
10, 17 [best: 1000]
10, 18 [best: 1000]
10, 19 [best: 1000]
10, 20 [best: 1000]
10, 21 [best: 1000]
10, 22 [best: 1000]
10, 23 [best: 1000]
10, 24 [best: 1000]
10, 25 [best: 1000]
10, 26 [best: 1000]
11 [best: 1000]
11, 0 [best: 1000]
11, 2 [best: 1000]
11, 7 [best: 1000]
11, 12 [best: 1000]
11, 13 [best: 1000]
11, 16 [best: 1000]
11, 17 [best: 1000]
11, 18 [best: 1000]
11, 19 [best: 1000]
11, 20 [best: 1000]
11, 21 [best: 1000]
11, 22 [best: 1000]
11, 23 [best: 1000]
11, 24 [best: 1000]
11, 25 [best: 1000]
11, 26 [best: 1000]
12 [best: 1000]
12, 2 [best: 1000]
12, 3 [best: 1000]
12, 7 [best: 1000]
12, 9 [best: 1000]
12, 12 [best: 1000]
12, 16 [best: 1000]
12, 18 [best: 1000]
12, 19 [best: 1000]
12, 20 [best: 1000]
12, 21 [best: 1000]
12, 22 [best: 1000]
12, 23 [best: 1000]
12, 24 [best: 1000]
12, 25 [best: 1000]
12, 26 [best: 1000]
12, 27 [best: 1000]
12, 28 [best: 1000]
13 [best: 1000]
13, 5 [best: 1000]
13, 6 [best: 1000]
13, 14 [best: 1000]
13, 15 [best: 1000]
13, 16 [best: 1000]
13, 17 [best: 1000]
13, 18 [best: 1000]
13, 19 [best: 1000]
13, 20 [best: 1000]
13, 22 [best: 1000]
13, 23 [best: 1000]
13, 24 [best: 1000]
13, 25 [best: 1000]
13, 26 [best: 1000]
13, 27 [best: 1000]
13, 28 [best: 1000]
14 [best: 1000]
14, 3 [best: 1000]
14, 10 [best: 1000]
14, 11 [best: 1000]
14, 12 [best: 1000]
14, 14 [best: 1000]
14, 17 [best: 1000]
14, 19 [best: 1000]
14, 20 [best: 1000]
14, 21 [best: 1000]
14, 23 [best: 1000]
14, 24 [best: 1000]
14, 25 [best: 1000]
14, 26 [best: 1000]
15 [best: 1000]
15, 1 [best: 1000]
15, 11 [best: 1000]
15, 13 [best: 1000]
15, 14 [best: 1000]
15, 15 [best: 1000]
15, 16 [best: 1000]
15, 18 [best: 1000]
15, 19 [best: 1000]
15, 20 [best: 1000]
15, 24 [best: 1000]
15, 25 [best: 1000]
15, 26 [best: 1000]
15, 27 [best: 1000]
15, 28 [best: 1000]
16 [best: 1000]
16, 0 [best: 1000]
16, 6 [best: 1000]
16, 10 [best: 1000]
16, 11 [best: 1000]
16, 15 [best: 1000]
16, 16 [best: 1000]
16, 17 [best: 1000]
16, 23 [best: 1000]
16, 24 [best: 1000]
16, 25 [best: 1000]
16, 26 [best: 1000]
17 [best: 1000]
17, 0 [best: 1000]
17, 7 [best: 1000]
17, 12 [best: 1000]
17, 17 [best: 1000]
17, 18 [best: 1000]
17, 19 [best: 1000]
17, 23 [best: 1000]
17, 24 [best: 1000]
17, 25 [best: 1000]
17, 26 [best: 1000]
18 [best: 1000]
18, 1 [best: 1000]
18, 6 [best: 1000]
18, 11 [best: 1000]
18, 12 [best: 1000]
18, 18 [best: 1000]
18, 23 [best: 1000]
18, 24 [best: 1000]
18, 25 [best: 1000]
18, 26 [best: 1000]
19 [best: 1000]
19, 0 [best: 1000]
19, 5 [best: 1000]
19, 9 [best: 1000]
19, 15 [best: 1000]
19, 16 [best: 1000]
19, 20 [best: 1000]
19, 25 [best: 1000]
19, 26 [best: 1000]
20 [best: 1000]
20, 17 [best: 1000]
20, 18 [best: 1000]
20, 22 [best: 1000]
21 [best: 1000]
21, 6 [best: 1000]
21, 7 [best: 1000]
