N = 12, MAX_LENGTH: 18, CAPTURE_STATS: 1
7 targets:
  010010000001
  000001100001
  001000000000
  010010010010
  010111010100
  011100000000
  001111101111
0, 1, 4, 10, 39, 50, 66, 91 [best: 1000] 268435456
0, 1, 6, 34, 40, 55, 57, 74 [best: 1000] 536870912
0, 1, 9, 24, 45, 68, 75, 110 [best: 1000] 805306368
0, 1, 13, 24, 53, 69, 72, 78, 97, 125 [best: 1000] 1073741824
0, 1, 18, 22, 31, 54, 56, 70 [best: 1000] 1342177280
0, 1, 22, 28, 45, 51, 69, 87 [best: 1000] 1610612736
0, 1, 26, 48, 49, 50, 61, 104 [best: 1000] 1879048192
0, 2, 3, 18, 49, 68, 91, 106, 114 [best: 1000] 2147483648
0, 2, 5, 23, 35, 51, 81, 105, 116 [best: 1000] 2415919104
0, 2, 8, 24, 39, 44, 65, 76, 107, 119 [best: 1000] 2684354560
0, 2, 12, 13, 14, 15, 62 [best: 1000] 2952790016
0, 2, 15, 39, 43, 46, 78, 89, 90 [best: 1000] 3221225472
0, 2, 20, 30, 47, 51, 53, 73 [best: 1000] 3489660928
0, 2, 24, 33, 54, 56, 65, 86, 89, 116 [best: 1000] 3758096384
0, 2, 38, 49, 50, 86, 94, 95, 106, 125, 144 [best: 1000] 4026531840
0, 3, 5, 9, 48, 56, 70, 120, 138, 152 [best: 1000] 4294967296
0, 3, 6, 18, 64, 70, 73, 85 [best: 1000] 4563402752
0, 3, 8, 12, 15, 45, 87, 109, 119 [best: 1000] 4831838208
0, 3, 9, 18, 39, 64, 66, 96, 129 [best: 1000] 5100273664
0, 3, 10, 28, 59, 61, 88, 89 [best: 1000] 5368709120
0, 3, 12, 24, 48, 55, 76, 85 [best: 1000] 5637144576
0, 3, 13, 49, 53, 54, 55, 74, 113 [best: 1000] 5905580032
0, 3, 15, 24, 37, 58, 63, 71, 111, 113 [best: 1000] 6174015488
0, 3, 17, 24, 41, 68, 73, 105, 114 [best: 1000] 6442450944
0, 3, 18, 24, 58, 73, 91, 97, 147, 166 [best: 1000] 6710886400
0, 3, 18, 40, 50, 58, 64, 89 [best: 1000] 6979321856
0, 3, 18, 58, 75, 80, 87, 118, 127, 152 [best: 1000] 7247757312
0, 3, 20, 41, 53, 76, 83, 95, 105 [best: 1000] 7516192768
0, 3, 22, 39, 42, 53, 82, 94 [best: 1000] 7784628224
0, 3, 24, 27, 40, 59, 69, 98, 108, 112 [best: 1000] 8053063680
0, 3, 25, 41, 53, 78, 80, 112, 127, 129 [best: 1000] 8321499136
0, 3, 30, 38, 49, 51, 94, 95, 136 [best: 1000] 8589934592
0, 3, 35, 36, 41, 77, 86, 90, 103, 109, 147 [best: 1000] 8858370048
0, 3, 40, 61, 69, 77, 85, 111 [best: 1000] 9126805504
0, 4, 5, 47, 67, 68, 82, 94, 109, 118 [best: 1000] 9395240960
0, 4, 8, 19, 53, 63, 67, 84, 87 [best: 1000] 9663676416
0, 4, 10, 14, 58, 85, 103, 116, 134 [best: 1000] 9932111872
0, 4, 12, 52, 55, 75, 80, 81, 108 [best: 1000] 10200547328
0, 4, 15, 19, 20, 51, 67, 78 [best: 1000] 10468982784
0, 4, 18, 21, 23, 64, 94 [best: 1000] 10737418240
0, 4, 20, 23, 41, 43, 51, 89, 101 [best: 1000] 11005853696
0, 4, 22, 41, 55, 58, 70, 76, 105 [best: 1000] 11274289152
0, 4, 24, 44, 58, 61, 78, 82, 89, 92 [best: 1000] 11542724608
0, 4, 30, 51, 56, 81, 91 [best: 1000] 11811160064
0, 4, 40, 45, 68, 83, 88, 96, 139 [best: 1000] 12079595520
0, 5, 7, 30, 39, 42, 64, 100 [best: 1000] 12348030976
0, 5, 9, 20, 50, 65, 69, 83, 119 [best: 1000] 12616466432
0, 5, 11, 21, 34, 52, 63, 90 [best: 1000] 12884901888
0, 5, 13, 41, 56, 60, 71, 78, 106 [best: 1000] 13153337344
0, 5, 16, 19, 46, 49, 65, 66, 69 [best: 1000] 13421772800
0, 5, 18, 36, 44, 68, 86, 92, 122 [best: 1000] 13690208256
0, 5, 20, 31, 33, 47, 70, 110 [best: 1000] 13958643712
0, 5, 22, 58, 64, 68, 76, 101, 119, 121 [best: 1000] 14227079168
0, 5, 24, 54, 59, 66, 94, 104, 119 [best: 1000] 14495514624
0, 5, 31, 37, 42, 53, 74, 102 [best: 1000] 14763950080
0, 5, 40, 46, 50, 78, 101, 118 [best: 1000] 15032385536
0, 6, 8, 48, 63, 64, 68, 95, 116 [best: 1000] 15300820992
0, 6, 12, 24, 38, 75, 78, 105 [best: 1000] 15569256448
0, 6, 16, 17, 39, 57, 77, 105 [best: 1000] 15837691904
0, 6, 21, 24, 46, 61, 63, 73, 103 [best: 1000] 16106127360
0, 6, 24, 47, 49, 62, 83, 84 [best: 1000] 16374562816
0, 7, 8, 14, 15, 34, 74, 78 [best: 1000] 16642998272
0, 7, 10, 39, 53, 81, 87, 102, 116 [best: 1000] 16911433728
0, 7, 14, 29, 42, 62, 67, 78 [best: 1000] 17179869184
0, 7, 19, 22, 40, 41, 51, 79 [best: 1000] 17448304640
0, 7, 23, 43, 49, 74, 86, 107 [best: 1000] 17716740096
0, 7, 32, 33, 34, 35, 43, 64, 91 [best: 1000] 17985175552
0, 8, 10, 13, 19, 42, 86, 92 [best: 1000] 18253611008
0, 8, 12, 13, 18, 34, 63, 82, 100 [best: 1000] 18522046464
0, 8, 13, 31, 41, 56, 89, 127, 138, 150 [best: 1000] 18790481920
0, 8, 14, 47, 72, 90, 92, 93, 103 [best: 1000] 19058917376
0, 8, 16, 26, 50, 60, 72, 84 [best: 1000] 19327352832
0, 8, 18, 36, 45, 55, 69, 111 [best: 1000] 19595788288
0, 8, 20, 36, 56, 61, 85, 121, 133, 139 [best: 1000] 19864223744
0, 8, 22, 32, 37, 48, 68, 100, 109 [best: 1000] 20132659200
0, 8, 23, 52, 68, 86, 88, 90, 94, 112 [best: 1000] 20401094656
0, 8, 25, 30, 68, 75, 80, 96 [best: 1000] 20669530112
0, 8, 30, 37, 41, 66, 79, 86, 106, 107 [best: 1000] 20937965568
0, 8, 35, 45, 49, 65, 69, 91 [best: 1000] 21206401024
0, 8, 41, 62, 70, 77, 80, 92, 109, 139 [best: 1000] 21474836480
0, 9, 12, 18, 36, 50, 63, 80 [best: 1000] 21743271936
0, 9, 14, 19, 30, 37, 59, 97, 120 [best: 1000] 22011707392
0, 9, 16, 24, 33, 48, 80, 85 [best: 1000] 22280142848
0, 9, 19, 33, 48, 50, 69, 72, 81 [best: 1000] 22548578304
0, 9, 22, 41, 56, 70, 84, 95, 96 [best: 1000] 22817013760
0, 9, 24, 46, 55, 58, 68, 81, 95 [best: 1000] 23085449216
0, 9, 31, 35, 43, 44, 56, 94 [best: 1000] 23353884672
0, 9, 41, 48, 54, 62, 64, 66, 93, 108 [best: 1000] 23622320128
0, 10, 13, 17, 56, 61, 71, 106 [best: 1000] 23890755584
0, 10, 14, 28, 39, 52, 55, 60, 115 [best: 1000] 24159191040
0, 10, 16, 34, 63, 65, 69, 102 [best: 1000] 24427626496
0, 10, 19, 37, 52, 69, 77, 95, 107 [best: 1000] 24696061952
0, 10, 22, 33, 35, 37, 58, 60, 115 [best: 1000] 24964497408
0, 10, 24, 37, 55, 59, 72, 93, 95, 112 [best: 1000] 25232932864
0, 10, 29, 48, 58, 62, 74, 86, 102 [best: 1000] 25501368320
0, 10, 39, 47, 62, 65, 72, 93 [best: 1000] 25769803776
0, 11, 14, 24, 29, 58, 72, 89 [best: 1000] 26038239232
0, 11, 18, 51, 53, 54, 77, 96 [best: 1000] 26306674688
0, 11, 23, 40, 57, 64, 101, 114 [best: 1000] 26575110144
0, 11, 32, 34, 51, 57, 59, 61, 71, 95 [best: 1000] 26843545600
0, 12, 15, 28, 31, 32, 44, 81 [best: 1000] 27111981056
0, 12, 20, 31, 58, 61, 62, 86 [best: 1000] 27380416512
0, 12, 24, 34, 36, 39, 56, 97, 102 [best: 1000] 27648851968
0, 12, 39, 40, 50, 59, 81, 104, 118, 126 [best: 1000] 27917287424
0, 13, 16, 24, 27, 37, 66, 73, 101 [best: 1000] 28185722880
0, 13, 19, 24, 52, 66, 88, 89, 112, 118 [best: 1000] 28454158336
0, 13, 21, 41, 71, 80, 101, 121, 130 [best: 1000] 28722593792
0, 13, 23, 37, 39, 66, 104, 123 [best: 1000] 28991029248
0, 13, 24, 53, 65, 77, 78, 91 [best: 1000] 29259464704
0, 13, 28, 39, 49, 57, 76, 93, 129 [best: 1000] 29527900160
0, 13, 35, 39, 70, 74, 80, 92, 106 [best: 1000] 29796335616
0, 13, 42, 46, 61, 74, 77, 96 [best: 1000] 30064771072
0, 14, 18, 27, 60, 78, 84, 116 [best: 1000] 30333206528
0, 14, 21, 41, 47, 55, 88, 92 [best: 1000] 30601641984
0, 14, 24, 27, 53, 58, 60, 83, 109 [best: 1000] 30870077440
0, 14, 27, 51, 54, 68, 70, 93, 95, 120 [best: 1000] 31138512896
0, 14, 37, 42, 46, 61, 72, 79, 89 [best: 1000] 31406948352
0, 15, 18, 23, 50, 66, 81, 119 [best: 1000] 31675383808
0, 15, 20, 37, 50, 55, 73, 85, 88 [best: 1000] 31943819264
0, 15, 23, 29, 47, 62, 69, 74 [best: 1000] 32212254720
0, 15, 25, 36, 39, 69, 107, 122 [best: 1000] 32480690176
0, 15, 30, 40, 50, 57, 65, 88 [best: 1000] 32749125632
0, 15, 41, 43, 46, 53, 72, 83 [best: 1000] 33017561088
0, 16, 20, 43, 46, 48, 55, 72, 90, 126 [best: 1000] 33285996544
0, 16, 24, 35, 57, 74, 79, 82, 103, 116 [best: 1000] 33554432000
0, 16, 35, 49, 53, 58, 73, 102 [best: 1000] 33822867456
0, 17, 22, 23, 31, 33, 56, 83, 110 [best: 1000] 34091302912
0, 17, 25, 26, 66, 82, 89, 97, 102 [best: 1000] 34359738368
0, 17, 42, 47, 57, 61, 69, 98 [best: 1000] 34628173824
0, 18, 21, 38, 48, 70, 83, 93 [best: 1000] 34896609280
0, 18, 23, 30, 44, 73, 76, 96 [best: 1000] 35165044736
0, 18, 24, 39, 56, 59, 80, 83, 96, 120 [best: 1000] 35433480192
0, 18, 27, 37, 38, 39, 50, 51, 72 [best: 1000] 35701915648
0, 18, 31, 40, 42, 51, 81, 103 [best: 1000] 35970351104
0, 18, 39, 40, 42, 59, 69, 118 [best: 1000] 36238786560
0, 19, 20, 38, 42, 54, 80, 91 [best: 1000] 36507222016
0, 19, 23, 34, 38, 45, 65, 85, 92 [best: 1000] 36775657472
0, 19, 26, 27, 45, 49, 65, 93, 95 [best: 1000] 37044092928
0, 19, 33, 37, 55, 56, 95, 109, 114, 124 [best: 1000] 37312528384
0, 20, 21, 37, 41, 84, 89, 98, 124 [best: 1000] 37580963840
0, 20, 24, 25, 44, 59, 68, 82, 85 [best: 1000] 37849399296
0, 20, 27, 39, 45, 72, 76, 108, 118 [best: 1000] 38117834752
0, 20, 35, 49, 51, 57, 67, 92, 121 [best: 1000] 38386270208
0, 21, 22, 47, 62, 65, 72, 92, 95 [best: 1000] 38654705664
0, 21, 24, 45, 60, 65, 71, 84, 90 [best: 1000] 38923141120
0, 21, 29, 44, 57, 67, 81, 84, 86 [best: 1000] 39191576576
0, 21, 49, 50, 53, 54, 63, 79, 94 [best: 1000] 39460012032
0, 22, 24, 38, 50, 51, 54, 65, 70, 76 [best: 1000] 39728447488
0, 22, 27, 40, 50, 53, 68, 82, 96 [best: 1000] 39996882944
0, 22, 32, 33, 50, 51, 63, 75, 82, 111 [best: 1000] 40265318400
0, 22, 39, 53, 59, 73, 93, 96 [best: 1000] 40533753856
0, 23, 24, 33, 55, 65, 66, 99, 104, 116 [best: 1000] 40802189312
0, 23, 26, 37, 39, 48, 100, 123 [best: 1000] 41070624768
0, 23, 29, 40, 50, 71, 76, 77, 101 [best: 1000] 41339060224
0, 23, 34, 38, 57, 72, 84, 111, 112 [best: 1000] 41607495680
0, 23, 42, 48, 50, 58, 82, 96, 123 [best: 1000] 41875931136
0, 24, 25, 41, 43, 50, 79, 87, 97 [best: 1000] 42144366592
0, 24, 28, 30, 70, 75, 98, 101 [best: 1000] 42412802048
0, 24, 30, 41, 50, 60, 65, 69, 77, 111 [best: 1000] 42681237504
0, 24, 33, 50, 58, 69, 79, 82, 120, 121 [best: 1000] 42949672960
0, 24, 38, 58, 70, 78, 81, 120 [best: 1000] 43218108416
0, 24, 49, 50, 54, 60, 66, 68, 79, 109 [best: 1000] 43486543872
0, 25, 28, 57, 58, 67, 101, 129, 130, 153 [best: 1000] 43754979328
0, 25, 43, 54, 71, 91, 102, 119 [best: 1000] 44023414784
0, 26, 38, 44, 59, 67, 78, 97 [best: 1000] 44291850240
0, 27, 35, 41, 50, 53, 82, 105 [best: 1000] 44560285696
0, 28, 33, 41, 50, 87, 97, 104, 116 [best: 1000] 44828721152
0, 28, 41, 52, 68, 76, 96, 114 [best: 1000] 45097156608
0, 29, 40, 50, 69, 70, 87, 95, 103 [best: 1000] 45365592064
0, 31, 37, 42, 55, 61, 74, 98 [best: 1000] 45634027520
0, 33, 37, 38, 47, 53, 91, 104, 111 [best: 1000] 45902462976
0, 34, 37, 39, 44, 64, 70, 77, 97 [best: 1000] 46170898432
1, 2, 3, 29, 50, 75, 84, 102 [best: 1000] 46439333888
1, 2, 10, 28, 48, 59, 79, 89, 102 [best: 1000] 46707769344
1, 2, 24, 32, 43, 59, 73, 92 [best: 1000] 46976204800
1, 3, 6, 29, 32, 53, 93, 119 [best: 1000] 47244640256
1, 3, 9, 29, 45, 47, 52, 102 [best: 1000] 47513075712
1, 3, 13, 36, 40, 41, 48, 75 [best: 1000] 47781511168
1, 3, 18, 23, 30, 55, 86, 124, 135 [best: 1000] 48049946624
1, 3, 20, 21, 22, 34, 74, 83 [best: 1000] 48318382080
1, 3, 28, 34, 47, 52, 57, 75, 78 [best: 1000] 48586817536
1, 4, 6, 41, 43, 52, 71, 89 [best: 1000] 48855252992
1, 4, 12, 22, 26, 58, 78, 81 [best: 1000] 49123688448
1, 4, 19, 21, 22, 33, 63, 87 [best: 1000] 49392123904
1, 4, 30, 44, 50, 64, 68, 102 [best: 1000] 49660559360
1, 5, 9, 23, 26, 73, 87, 95 [best: 1000] 49928994816
1, 5, 15, 38, 47, 50, 64, 91, 93 [best: 1000] 50197430272
1, 5, 23, 25, 33, 41, 45, 57 [best: 1000] 50465865728
1, 6, 9, 11, 21, 46, 62, 83 [best: 1000] 50734301184
1, 6, 17, 30, 42, 57, 70, 76, 96 [best: 1000] 51002736640
1, 7, 8, 9, 18, 34, 48, 85 [best: 1000] 51271172096
1, 7, 13, 45, 57, 70, 74, 83, 103 [best: 1000] 51539607552
1, 7, 23, 29, 32, 53, 94, 109 [best: 1000] 51808043008
1, 8, 10, 22, 52, 58, 63, 76 [best: 1000] 52076478464
1, 8, 14, 52, 59, 65, 75, 81, 99, 100 [best: 1000] 52344913920
1, 8, 20, 36, 46, 61, 80, 91 [best: 1000] 52613349376
1, 8, 29, 35, 46, 50, 68, 94 [best: 1000] 52881784832
1, 9, 13, 27, 40, 64, 100, 101 [best: 1000] 53150220288
1, 9, 22, 29, 58, 77, 78, 101 [best: 1000] 53418655744
1, 10, 13, 17, 44, 48, 50, 53 [best: 1000] 53687091200
1, 10, 18, 35, 55, 71, 76, 77, 98 [best: 1000] 53955526656
1, 10, 29, 39, 45, 46, 55, 75, 84 [best: 1000] 54223962112
1, 11, 20, 22, 26, 46, 76, 79, 114, 118 [best: 1000] 54492397568
1, 12, 18, 29, 43, 48, 55, 66 [best: 1000] 54760833024
1, 13, 16, 21, 34, 37, 72, 75 [best: 1000] 55029268480
1, 13, 22, 30, 33, 57, 63, 77, 84 [best: 1000] 55297703936
1, 13, 33, 37, 57, 73, 90, 109 [best: 1000] 55566139392
1, 14, 21, 23, 32, 81, 89, 109 [best: 1000] 55834574848
1, 15, 18, 20, 27, 41, 54, 63 [best: 1000] 56103010304
1, 15, 31, 32, 54, 55, 71, 89 [best: 1000] 56371445760
1, 17, 18, 30, 42, 45, 85, 96, 106, 112 [best: 1000] 56639881216
1, 18, 20, 34, 45, 49, 59, 69 [best: 1000] 56908316672
1, 18, 26, 37, 70, 75, 84, 97, 104 [best: 1000] 57176752128
1, 19, 20, 24, 31, 36, 46, 63 [best: 1000] 57445187584
1, 19, 29, 37, 59, 70, 76, 83 [best: 1000] 57713623040
1, 20, 26, 50, 60, 62, 72, 96 [best: 1000] 57982058496
1, 21, 34, 41, 46, 54, 65, 67, 79 [best: 1000] 58250493952
1, 22, 39, 48, 62, 73, 92, 97 [best: 1000] 58518929408
1, 23, 35, 37, 41, 63, 72, 98 [best: 1000] 58787364864
1, 24, 35, 36, 51, 57, 76, 90, 94 [best: 1000] 59055800320
1, 26, 35, 38, 43, 50, 70, 89 [best: 1000] 59324235776
1, 30, 40, 44, 50, 67, 71, 82, 92 [best: 1000] 59592671232
2, 3, 7, 19, 29, 53, 79, 87 [best: 1000] 59861106688
2, 3, 10, 21, 33, 75, 89, 92, 96, 116 [best: 1000] 60129542144
2, 3, 14, 36, 43, 64, 72, 108 [best: 1000] 60397977600
2, 3, 18, 31, 55, 56, 72, 100, 126 [best: 1000] 60666413056
2, 3, 22, 32, 62, 65, 90, 95, 106, 124 [best: 1000] 60934848512
2, 3, 33, 46, 54, 62, 67, 110, 111 [best: 1000] 61203283968
2, 4, 9, 12, 20, 25, 81, 88 [best: 1000] 61471719424
2, 4, 17, 18, 30, 47, 80, 100, 113 [best: 1000] 61740154880
2, 4, 32, 37, 44, 64, 79, 88 [best: 1000] 62008590336
2, 5, 9, 28, 34, 47, 83, 88 [best: 1000] 62277025792
2, 5, 15, 20, 38, 43, 57, 104 [best: 1000] 62545461248
2, 5, 20, 26, 47, 57, 64, 67 [best: 1000] 62813896704
2, 5, 34, 37, 48, 52, 66, 100 [best: 1000] 63082332160
2, 6, 13, 23, 24, 67, 97, 105 [best: 1000] 63350767616
2, 6, 25, 26, 40, 47, 54, 60 [best: 1000] 63619203072
2, 7, 13, 26, 59, 68, 87, 96 [best: 1000] 63887638528
2, 7, 26, 30, 42, 43, 60, 86 [best: 1000] 64156073984
2, 8, 13, 18, 23, 51, 53, 116 [best: 1000] 64424509440
2, 8, 18, 21, 36, 46, 47, 95 [best: 1000] 64692944896
2, 8, 24, 31, 32, 40, 73, 74 [best: 1000] 64961380352
2, 9, 11, 24, 38, 63, 69, 79 [best: 1000] 65229815808
2, 9, 19, 27, 38, 44, 54, 67, 68 [best: 1000] 65498251264
2, 10, 12, 14, 35, 59, 60, 77, 85 [best: 1000] 65766686720
2, 10, 18, 19, 45, 51, 82, 98 [best: 1000] 66035122176
2, 10, 29, 39, 43, 56, 82, 86 [best: 1000] 66303557632
2, 11, 21, 24, 27, 29, 63, 68 [best: 1000] 66571993088
2, 12, 20, 21, 47, 52, 58, 64 [best: 1000] 66840428544
2, 13, 17, 42, 48, 62, 69, 75 [best: 1000] 67108864000
2, 13, 23, 34, 69, 88, 93, 103, 126 [best: 1000] 67377299456
2, 13, 40, 47, 53, 56, 59, 108 [best: 1000] 67645734912
2, 14, 24, 34, 43, 44, 66, 67, 93, 119 [best: 1000] 67914170368
2, 15, 20, 39, 49, 56, 72, 93 [best: 1000] 68182605824
2, 16, 21, 32, 36, 64, 78, 79 [best: 1000] 68451041280
2, 17, 28, 45, 47, 58, 72, 99 [best: 1000] 68719476736
2, 18, 24, 38, 50, 55, 78, 111 [best: 1000] 68987912192
2, 18, 39, 40, 44, 65, 81, 82, 120 [best: 1000] 69256347648
2, 19, 32, 35, 40, 44, 59, 63 [best: 1000] 69524783104
2, 20, 34, 40, 49, 74, 81, 84 [best: 1000] 69793218560
2, 22, 25, 49, 62, 69, 77, 104 [best: 1000] 70061654016
2, 23, 30, 52, 56, 65, 67, 89, 114 [best: 1000] 70330089472
2, 24, 32, 35, 36, 40, 52, 78, 87, 96 [best: 1000] 70598524928
2, 26, 29, 41, 43, 47, 70, 73 [best: 1000] 70866960384
2, 30, 39, 41, 51, 56, 62, 69, 103, 107 [best: 1000] 71135395840
3, 4, 8, 10, 39, 41, 48, 62 [best: 1000] 71403831296
3, 4, 10, 18, 54, 63, 78, 107 [best: 1000] 71672266752
3, 4, 13, 42, 65, 70, 108, 125, 138 [best: 1000] 71940702208
3, 4, 17, 32, 67, 79, 93, 104, 112 [best: 1000] 72209137664
3, 4, 18, 42, 54, 62, 79, 91, 102 [best: 1000] 72477573120
3, 4, 22, 28, 40, 50, 74, 77 [best: 1000] 72746008576
3, 4, 29, 40, 61, 63, 65, 99, 104, 113 [best: 1000] 73014444032
3, 5, 6, 31, 49, 54, 96, 103, 129 [best: 1000] 73282879488
3, 5, 9, 13, 22, 43, 44, 81 [best: 1000] 73551314944
3, 5, 12, 14, 26, 45, 86, 107 [best: 1000] 73819750400
3, 5, 14, 43, 48, 56, 76, 94, 95 [best: 1000] 74088185856
3, 5, 18, 20, 44, 48, 78, 118, 126 [best: 1000] 74356621312
3, 5, 18, 46, 54, 77, 78, 83, 92 [best: 1000] 74625056768
3, 5, 21, 26, 30, 46, 54, 106, 108 [best: 1000] 74893492224
3, 5, 26, 48, 50, 85, 97, 108, 121 [best: 1000] 75161927680
3, 5, 38, 41, 50, 51, 61, 71, 85 [best: 1000] 75430363136
3, 6, 9, 18, 34, 39, 49, 90 [best: 1000] 75698798592
3, 6, 13, 24, 33, 34, 57, 100, 116 [best: 1000] 75967234048
3, 6, 18, 19, 52, 66, 74, 105, 114 [best: 1000] 76235669504
3, 6, 20, 23, 38, 50, 52, 92 [best: 1000] 76504104960
3, 6, 28, 30, 31, 37, 71, 98 [best: 1000] 76772540416
3, 7, 8, 36, 37, 77, 95, 103, 107 [best: 1000] 77040975872
3, 7, 12, 18, 45, 52, 62, 67, 101 [best: 1000] 77309411328
3, 7, 15, 27, 32, 38, 48, 82, 97 [best: 1000] 77577846784
3, 7, 18, 37, 43, 46, 93, 102, 130, 140 [best: 1000] 77846282240
3, 7, 23, 30, 45, 65, 68, 114, 120 [best: 1000] 78114717696
3, 7, 31, 33, 40, 52, 59, 87 [best: 1000] 78383153152
3, 8, 9, 38, 60, 65, 115, 122 [best: 1000] 78651588608
3, 8, 11, 38, 39, 93, 101, 115 [best: 1000] 78920024064
3, 8, 13, 26, 31, 47, 107 [best: 1000] 79188459520
3, 8, 14, 32, 37, 44, 57, 79 [best: 1000] 79456894976
3, 8, 16, 18, 32, 63, 68, 72, 136 [best: 1000] 79725330432
3, 8, 18, 20, 56, 73, 98, 105, 108 [best: 1000] 79993765888
3, 8, 18, 33, 56, 76, 101, 127, 165 [best: 1000] 80262201344
3, 8, 18, 56, 72, 89, 104, 111, 129, 133, 141 [best: 1000] 80530636800
3, 8, 21, 22, 48, 64, 87, 89, 96 [best: 1000] 80799072256
3, 8, 23, 27, 58, 61, 77, 107 [best: 1000] 81067507712
3, 8, 26, 29, 33, 35, 101, 120 [best: 1000] 81335943168
3, 8, 30, 36, 47, 49, 86, 96 [best: 1000] 81604378624
3, 8, 33, 42, 58, 70, 74, 89, 103 [best: 1000] 81872814080
3, 8, 40, 47, 62, 78, 97, 127 [best: 1000] 82141249536
3, 9, 12, 18, 40, 60, 67, 108, 141 [best: 1000] 82409684992
3, 9, 14, 25, 28, 42, 80, 133 [best: 1000] 82678120448
3, 9, 17, 42, 54, 64, 65, 81 [best: 1000] 82946555904
3, 9, 18, 41, 48, 55, 61, 88, 117 [best: 1000] 83214991360
3, 9, 21, 29, 35, 39, 86, 95, 106 [best: 1000] 83483426816
3, 9, 26, 32, 33, 37, 98, 105 [best: 1000] 83751862272
3, 9, 32, 45, 56, 70, 73, 81, 82 [best: 1000] 84020297728
3, 10, 12, 14, 53, 65, 74, 107 [best: 1000] 84288733184
3, 10, 14, 16, 18, 67, 76, 115 [best: 1000] 84557168640
3, 10, 15, 30, 33, 44, 80, 85 [best: 1000] 84825604096
3, 10, 18, 24, 29, 55, 73, 84, 137 [best: 1000] 85094039552
3, 10, 18, 47, 51, 55, 63, 99, 144 [best: 1000] 85362475008
3, 10, 21, 30, 40, 62, 76, 89, 95, 103 [best: 1000] 85630910464
3, 10, 25, 37, 43, 58, 62 [best: 1000] 85899345920
3, 10, 31, 42, 65, 78, 91, 101, 112 [best: 1000] 86167781376
3, 11, 12, 23, 28, 31, 77, 106, 110 [best: 1000] 86436216832
3, 11, 16, 34, 39, 45, 79, 81 [best: 1000] 86704652288
3, 11, 18, 55, 68, 71, 80, 97, 129 [best: 1000] 86973087744
3, 11, 24, 52, 59, 63, 82, 84, 91, 111 [best: 1000] 87241523200
3, 11, 40, 46, 52, 64, 94, 106 [best: 1000] 87509958656
3, 12, 17, 18, 19, 22, 26, 114 [best: 1000] 87778394112
3, 12, 18, 55, 63, 70, 80, 85, 100 [best: 1000] 88046829568
3, 12, 24, 46, 47, 52, 57, 82, 97, 124 [best: 1000] 88315265024
3, 12, 37, 45, 52, 61, 72, 99 [best: 1000] 88583700480
3, 13, 16, 27, 51, 58, 65, 70 [best: 1000] 88852135936
3, 13, 18, 26, 44, 56, 101, 110, 118 [best: 1000] 89120571392
3, 13, 18, 43, 56, 70, 101, 126, 127, 132, 164 [best: 1000] 89389006848
3, 13, 19, 42, 75, 79, 93, 105, 129 [best: 1000] 89657442304
3, 13, 23, 24, 36, 59, 74, 76 [best: 1000] 89925877760
3, 13, 26, 39, 49, 61, 93, 109 [best: 1000] 90194313216
3, 13, 30, 52, 74, 85, 92, 125, 138 [best: 1000] 90462748672
3, 13, 36, 48, 53, 54, 56, 61 [best: 1000] 90731184128
3, 14, 16, 26, 30, 31, 64, 68 [best: 1000] 90999619584
3, 14, 18, 28, 45, 62, 87, 122 [best: 1000] 91268055040
3, 14, 19, 20, 31, 34, 79, 97 [best: 1000] 91536490496
3, 14, 22, 51, 67, 73, 111, 112, 127, 137 [best: 1000] 91804925952
3, 14, 26, 51, 56, 63, 65, 92 [best: 1000] 92073361408
3, 14, 32, 39, 59, 70, 71, 85 [best: 1000] 92341796864
3, 15, 17, 20, 35, 58, 61, 90 [best: 1000] 92610232320
3, 15, 18, 33, 56, 77, 83, 115, 144 [best: 1000] 92878667776
3, 15, 19, 44, 45, 59, 89, 102, 132 [best: 1000] 93147103232
3, 15, 24, 27, 34, 37, 74, 103 [best: 1000] 93415538688
3, 15, 28, 45, 47, 51, 62, 66 [best: 1000] 93683974144
3, 15, 41, 45, 60, 66, 69, 84 [best: 1000] 93952409600
3, 16, 18, 42, 48, 55, 80, 86, 118, 147 [best: 1000] 94220845056
3, 16, 23, 26, 68, 74, 82, 118, 138 [best: 1000] 94489280512
3, 16, 31, 35, 47, 51, 65, 96 [best: 1000] 94757715968
3, 17, 18, 34, 48, 55, 58, 115, 128, 153 [best: 1000] 95026151424
3, 17, 22, 28, 50, 54, 67, 97, 109 [best: 1000] 95294586880
3, 17, 28, 31, 51, 64, 65, 109 [best: 1000] 95563022336
3, 18, 19, 23, 42, 87, 97, 142 [best: 1000] 95831457792
3, 18, 19, 47, 49, 51, 56, 88, 98 [best: 1000] 96099893248
3, 18, 20, 46, 57, 90, 95, 110, 140, 163 [best: 1000] 96368328704
3, 18, 21, 44, 55, 57, 80, 84 [best: 1000] 96636764160
3, 18, 22, 34, 43, 76, 78, 79, 88 [best: 1000] 96905199616
3, 18, 23, 27, 46, 54, 63, 92, 114 [best: 1000] 97173635072
3, 18, 23, 45, 46, 79, 116, 135, 164 [best: 1000] 97442070528
3, 18, 24, 32, 46, 68, 83, 100, 110 [best: 1000] 97710505984
3, 18, 25, 28, 38, 46, 95, 100, 121, 154 [best: 1000] 97978941440
3, 18, 26, 29, 36, 92, 101, 128 [best: 1000] 98247376896
3, 18, 26, 46, 57, 63, 109, 135, 139, 147 [best: 1000] 98515812352
3, 18, 28, 31, 32, 65, 82, 113, 147 [best: 1000] 98784247808
3, 18, 29, 31, 54, 71, 72, 110 [best: 1000] 99052683264
3, 18, 30, 45, 68, 72, 76, 82 [best: 1000] 99321118720
3, 18, 31, 46, 57, 76, 96, 124, 146 [best: 1000] 99589554176
3, 18, 32, 49, 54, 80, 92, 105, 108, 137 [best: 1000] 99857989632
3, 18, 34, 39, 46, 50, 101, 107, 141, 143, 200 [best: 1000] 100126425088
3, 18, 35, 47, 51, 61, 85, 90, 110 [best: 1000] 100394860544
3, 18, 38, 46, 51, 54, 64, 69, 128 [best: 1000] 100663296000
3, 18, 39, 60, 77, 88, 106, 119, 133 [best: 1000] 100931731456
3, 18, 42, 61, 62, 80, 111, 133 [best: 1000] 101200166912
3, 18, 45, 56, 58, 65, 79, 94, 111 [best: 1000] 101468602368
3, 18, 46, 57, 61, 76, 89, 93, 113 [best: 1000] 101737037824
3, 19, 21, 30, 38, 42, 71, 88 [best: 1000] 102005473280
3, 19, 24, 31, 56, 60, 112, 125 [best: 1000] 102273908736
3, 19, 28, 31, 42, 65, 104, 107, 126, 149 [best: 1000] 102542344192
3, 19, 32, 57, 73, 83, 87, 121 [best: 1000] 102810779648
3, 19, 46, 58, 63, 64, 68, 102 [best: 1000] 103079215104
3, 20, 24, 50, 56, 68, 70, 88, 91, 105 [best: 1000] 103347650560
3, 20, 30, 33, 37, 40, 78, 111 [best: 1000] 103616086016
3, 20, 41, 47, 48, 53, 56, 88 [best: 1000] 103884521472
3, 21, 26, 29, 53, 69, 94, 103, 106, 107 [best: 1000] 104152956928
3, 21, 31, 60, 66, 79, 82, 96, 112 [best: 1000] 104421392384
3, 22, 24, 26, 37, 78, 95, 121, 154 [best: 1000] 104689827840
3, 22, 26, 55, 66, 80, 84, 92, 143 [best: 1000] 104958263296
3, 22, 32, 38, 42, 68, 78, 106 [best: 1000] 105226698752
3, 23, 24, 46, 56, 64, 67, 79, 81 [best: 1000] 105495134208
3, 23, 27, 52, 65, 69, 79, 91, 112 [best: 1000] 105763569664
New best chain found (18):
chain (18):
x1 = 000000001111
x2 = 000011110000
x3 = 001100110011
x4 = 010101010101
x5 = x1 ^ x3 = 001100111100
x6 = x3 ^ x4 = 011001100110
x7 = x2 < x5 = 001100001100
x8 = x6 > x7 = 010001100010
x9 = x2 ^ x8 = 010010010010 [target]
x10 = x3 ^ x9 = 011110100001
x11 = x5 < x10 = 010010000001 [target]
x12 = x6 | x11 = 011011100111
x13 = x8 ^ x11 = 000011100011
x14 = x3 ^ x12 = 010111010100 [target]
x15 = x7 | x13 = 001111101111 [target]
x16 = x9 < x13 = 000001100001 [target]
x17 = x10 > x13 = 011100000000 [target]
x18 = x4 < x17 = x14 < x17 = 001000000000 [target]

chain (18):
x1 = 000000001111
x2 = 000011110000
x3 = 001100110011
x4 = 010101010101
x5 = x1 ^ x3 = 001100111100
x6 = x3 ^ x4 = 011001100110
x7 = x2 < x5 = 001100001100
x8 = x6 > x7 = 010001100010
x9 = x2 ^ x8 = 010010010010 [target]
x10 = x3 ^ x9 = 011110100001
x11 = x5 < x10 = 010010000001 [target]
x12 = x6 < x11 = x8 < x11 = 000010000001
x13 = x8 ^ x11 = 000011100011
x14 = x4 ^ x12 = 010111010100 [target]
x15 = x7 | x13 = 001111101111 [target]
x16 = x9 < x13 = 000001100001 [target]
x17 = x10 > x13 = 011100000000 [target]
x18 = x4 < x17 = x14 < x17 = 001000000000 [target]

chain (18):
x1 = 000000001111
x2 = 000011110000
x3 = 001100110011
x4 = 010101010101
x5 = x1 ^ x3 = 001100111100
x6 = x3 ^ x4 = 011001100110
x7 = x2 < x5 = 001100001100
x8 = x6 | x7 = 011101101110
x9 = x2 ^ x8 = 011110011110
x10 = x1 ^ x9 = 011110010001
x11 = x7 ^ x9 = 010010010010 [target]
x12 = x5 < x10 = 010010000001 [target]
x13 = x8 & x10 = 011100000000 [target]
x14 = x6 | x12 = 011011100111
x15 = x8 ^ x12 = 001111101111 [target]
x16 = x4 < x13 = 001000000000 [target]
x17 = x3 ^ x14 = 010111010100 [target]
x18 = x9 < x14 = x9 < x15 = 000001100001 [target]

chain (18):
x1 = 000000001111
x2 = 000011110000
x3 = 001100110011
x4 = 010101010101
x5 = x1 ^ x3 = 001100111100
x6 = x3 ^ x4 = 011001100110
x7 = x2 < x5 = 001100001100
x8 = x6 | x7 = 011101101110
x9 = x2 ^ x8 = 011110011110
x10 = x1 ^ x9 = 011110010001
x11 = x7 ^ x9 = 010010010010 [target]
x12 = x5 < x10 = 010010000001 [target]
x13 = x8 & x10 = 011100000000 [target]
x14 = x6 < x12 = x8 < x12 = x12 > x13 = 000010000001
x15 = x8 ^ x12 = 001111101111 [target]
x16 = x4 < x13 = 001000000000 [target]
x17 = x4 ^ x14 = 010111010100 [target]
x18 = x9 < x15 = 000001100001 [target]

3, 23, 32, 40, 79, 81, 90, 93 [best: 18] 106032005120
3, 23, 40, 51, 54, 69, 93, 99 [best: 18] 106300440576
3, 24, 26, 48, 64, 67, 89, 100, 117 [best: 18] 106568876032
3, 24, 31, 41, 59, 75, 96, 121 [best: 18] 106837311488
3, 24, 38, 49, 67, 69, 86, 122, 123, 152 [best: 18] 107105746944
3, 25, 27, 41, 61, 85, 90, 126, 137 [best: 18] 107374182400
3, 25, 41, 56, 61, 76, 83, 108, 110 [best: 18] 107642617856
3, 26, 30, 46, 56, 67, 69, 100 [best: 18] 107911053312
3, 26, 34, 42, 65, 69, 71, 80, 117, 134 [best: 18] 108179488768
3, 26, 42, 48, 62, 95, 111, 112, 137, 139 [best: 18] 108447924224
3, 27, 31, 34, 64, 75, 85, 123 [best: 18] 108716359680
3, 27, 40, 43, 58, 72, 91, 97, 113 [best: 18] 108984795136
3, 28, 34, 38, 45, 47, 69, 99 [best: 18] 109253230592
3, 29, 33, 48, 49, 73, 75, 82 [best: 18] 109521666048
3, 30, 38, 41, 50, 56, 64, 95, 99 [best: 18] 109790101504
3, 31, 36, 38, 52, 75, 99, 108 [best: 18] 110058536960
3, 31, 40, 62, 70, 73, 103, 111, 151 [best: 18] 110326972416
3, 32, 37, 42, 57, 63, 86 [best: 18] 110595407872
chain (18):
x1 = 000000001111
x2 = 000011110000
x3 = 001100110011
x4 = 010101010101
x5 = x1 ^ x3 = 001100111100
x6 = x4 | x5 = 011101111101
x7 = x2 ^ x6 = 011110001101
x8 = x1 ^ x7 = 011110000010
x9 = x5 < x7 = 010010000001 [target]
x10 = x6 & x8 = 011100000000 [target]
x11 = x4 < x10 = 001000000000 [target]
x12 = x9 > x10 = 000010000001
x13 = x4 ^ x12 = 010111010100 [target]
x14 = x2 & x13 = 000011010000
x15 = x3 ^ x14 = 001111100011
x16 = x1 | x15 = 001111101111 [target]
x17 = x8 < x15 = 000001100001 [target]
x18 = x6 ^ x16 = 010010010010 [target]

3, 32, 42, 52, 59, 73, 90, 93, 113 [best: 18] 110863843328
4, 5, 6, 8, 38, 49, 52, 58 [best: 18] 111132278784
4, 5, 9, 36, 43, 49, 52, 82 [best: 18] 111400714240
4, 5, 14, 33, 34, 60, 75, 93, 111 [best: 18] 111669149696
4, 5, 19, 22, 42, 56, 58, 86, 115 [best: 18] 111937585152
4, 5, 24, 48, 66, 70, 93, 106 [best: 18] 112206020608
4, 6, 8, 13, 16, 37, 59, 120 [best: 18] 112474456064
4, 6, 14, 17, 20, 47, 55, 96 [best: 18] 112742891520
4, 6, 22, 36, 48, 53, 64, 70 [best: 18] 113011326976
4, 7, 9, 24, 50, 63, 77, 83 [best: 18] 113279762432
4, 7, 16, 23, 59, 66, 76, 85 [best: 18] 113548197888
4, 7, 27, 28, 46, 54, 64, 72 [best: 18] 113816633344
4, 8, 11, 22, 40, 56, 59, 62 [best: 18] 114085068800
4, 8, 14, 20, 66, 75, 84, 101, 123, 150 [best: 18] 114353504256
4, 8, 17, 34, 53, 60, 83, 113, 120 [best: 18] 114621939712
4, 8, 21, 28, 42, 60, 94, 124 [best: 18] 114890375168
4, 8, 26, 33, 34, 36, 64, 99 [best: 18] 115158810624
4, 8, 37, 38, 41, 82, 88, 112 [best: 18] 115427246080
4, 9, 13, 20, 21, 60, 63, 76 [best: 18] 115695681536
4, 9, 18, 21, 28, 62, 78, 85 [best: 18] 115964116992
4, 9, 24, 36, 51, 61, 88, 91 [best: 18] 116232552448
4, 10, 11, 19, 23, 43, 63, 83 [best: 18] 116500987904
4, 10, 14, 33, 34, 42, 47, 52, 133 [best: 18] 116769423360
4, 10, 19, 32, 38, 47, 65, 89 [best: 18] 117037858816
4, 10, 27, 33, 51, 56, 69, 88 [best: 18] 117306294272
4, 11, 14, 22, 30, 51, 74, 89 [best: 18] 117574729728
4, 11, 23, 35, 48, 50, 97, 112, 115 [best: 18] 117843165184
4, 12, 16, 37, 45, 57, 69, 97 [best: 18] 118111600640
4, 12, 27, 33, 34, 44, 72, 75, 91 [best: 18] 118380036096
4, 13, 17, 26, 43, 44, 56, 84 [best: 18] 118648471552
4, 13, 20, 24, 36, 42, 58, 78 [best: 18] 118916907008
4, 13, 24, 43, 53, 69, 82, 96, 114, 117 [best: 18] 119185342464
4, 13, 33, 35, 39, 59, 72, 93, 137 [best: 18] 119453777920
4, 14, 16, 24, 37, 49, 55, 93, 121 [best: 18] 119722213376
4, 14, 21, 31, 37, 57, 78, 101 [best: 18] 119990648832
4, 14, 28, 49, 52, 64, 67, 93, 102 [best: 18] 120259084288
4, 15, 18, 33, 42, 54, 67, 110 [best: 18] 120527519744
4, 15, 25, 28, 36, 62, 75, 84, 108 [best: 18] 120795955200
4, 16, 18, 25, 26, 36, 77, 124 [best: 18] 121064390656
4, 16, 27, 44, 50, 64, 71, 84, 107 [best: 18] 121332826112
4, 17, 22, 25, 41, 67, 84, 100 [best: 18] 121601261568
4, 17, 33, 40, 51, 58, 69, 111, 122 [best: 18] 121869697024
4, 18, 22, 26, 44, 68, 70 [best: 18] 122138132480
4, 18, 26, 28, 38, 49, 82, 105 [best: 18] 122406567936
4, 18, 33, 34, 47, 63, 107, 111 [best: 18] 122675003392
4, 18, 44, 47, 63, 83, 89, 125, 139 [best: 18] 122943438848
4, 19, 24, 40, 59, 64, 77, 100 [best: 18] 123211874304
4, 19, 34, 42, 48, 55, 59, 79 [best: 18] 123480309760
4, 20, 24, 33, 42, 52, 73, 77 [best: 18] 123748745216
4, 20, 39, 54, 61, 80, 103, 123 [best: 18] 124017180672
4, 21, 32, 36, 47, 61, 65, 77 [best: 18] 124285616128
4, 22, 26, 51, 52, 54, 77, 102, 122 [best: 18] 124554051584
4, 23, 25, 26, 54, 71, 84, 99 [best: 18] 124822487040
4, 23, 34, 41, 50, 76, 93, 101, 113, 133 [best: 18] 125090922496
4, 24, 27, 42, 57, 60, 67, 86, 115 [best: 18] 125359357952
4, 24, 38, 45, 58, 66, 74, 95 [best: 18] 125627793408
4, 25, 40, 46, 49, 53, 78, 124 [best: 18] 125896228864
4, 26, 38, 39, 59, 64, 97, 110, 138, 161 [best: 18] 126164664320
4, 28, 39, 43, 45, 47, 55, 61 [best: 18] 126433099776
4, 31, 36, 43, 53, 58, 79, 80, 108, 127 [best: 18] 126701535232
4, 33, 38, 41, 53, 56, 58, 78, 83, 120 [best: 18] 126969970688
5, 6, 10, 21, 31, 40, 58, 102, 113 [best: 18] 127238406144
5, 6, 16, 18, 63, 64, 82, 85, 101 [best: 18] 127506841600
5, 6, 23, 28, 48, 53, 76, 104 [best: 18] 127775277056
5, 7, 8, 39, 43, 53, 70, 85 [best: 18] 128043712512
5, 7, 14, 23, 35, 45, 46, 66 [best: 18] 128312147968
5, 7, 20, 35, 45, 69, 75, 93 [best: 18] 128580583424
5, 8, 9, 14, 23, 47, 72, 87 [best: 18] 128849018880
5, 8, 12, 17, 46, 47, 63, 65 [best: 18] 129117454336
5, 8, 14, 21, 22, 30, 82, 112 [best: 18] 129385889792
5, 8, 17, 18, 30, 36, 101, 113 [best: 18] 129654325248
5, 8, 19, 29, 62, 68, 74, 84 [best: 18] 129922760704
5, 8, 22, 34, 57, 66, 68, 102, 108 [best: 18] 130191196160
5, 8, 27, 37, 52, 56, 84, 97 [best: 18] 130459631616
5, 8, 33, 43, 45, 48, 49, 65, 83, 84 [best: 18] 130728067072
5, 9, 11, 14, 20, 41, 64, 101 [best: 18] 130996502528
5, 9, 15, 17, 33, 67, 70, 82, 95 [best: 18] 131264937984
5, 9, 19, 30, 50, 51, 61, 78, 122 [best: 18] 131533373440
5, 9, 26, 47, 54, 66, 72, 74 [best: 18] 131801808896
5, 10, 12, 16, 24, 25, 58, 68 [best: 18] 132070244352
5, 10, 14, 42, 52, 53, 63, 65, 80 [best: 18] 132338679808
5, 10, 18, 53, 60, 63, 69, 77, 114 [best: 18] 132607115264
5, 10, 23, 40, 56, 62, 84, 86, 97 [best: 18] 132875550720
5, 10, 34, 44, 45, 76, 93, 110 [best: 18] 133143986176
5, 11, 16, 44, 56, 69, 93, 103 [best: 18] 133412421632
5, 11, 23, 51, 59, 73, 81, 83 [best: 18] 133680857088
5, 12, 15, 26, 49, 55, 67, 100, 103, 105 [best: 18] 133949292544
5, 12, 23, 25, 41, 53, 64, 100 [best: 18] 134217728000
5, 13, 15, 22, 23, 39, 90, 92 [best: 18] 134486163456
5, 13, 18, 41, 63, 88, 93, 104 [best: 18] 134754598912
5, 13, 21, 34, 70, 82, 87, 92 [best: 18] 135023034368
5, 13, 26, 31, 39, 51, 82, 101 [best: 18] 135291469824
5, 13, 34, 39, 45, 54, 97, 106 [best: 18] 135559905280
5, 14, 16, 27, 35, 50, 56, 65, 101 [best: 18] 135828340736
5, 14, 20, 51, 60, 68, 93, 107 [best: 18] 136096776192
5, 14, 29, 34, 52, 66, 75, 81 [best: 18] 136365211648
5, 15, 18, 23, 41, 43, 56, 110 [best: 18] 136633647104
5, 15, 21, 27, 33, 37, 63, 83 [best: 18] 136902082560
5, 15, 27, 37, 38, 44, 59, 68 [best: 18] 137170518016
5, 15, 42, 48, 57, 69, 82, 109, 125 [best: 18] 137438953472
5, 16, 23, 24, 40, 41, 79, 87 [best: 18] 137707388928
5, 17, 18, 29, 34, 69, 83, 117, 126 [best: 18] 137975824384
5, 17, 24, 28, 31, 49, 58, 76 [best: 18] 138244259840
5, 18, 19, 23, 47, 54, 56, 75, 120 [best: 18] 138512695296
5, 18, 22, 26, 34, 47, 50, 72, 114 [best: 18] 138781130752
5, 18, 25, 31, 33, 60, 80, 85, 116 [best: 18] 139049566208
5, 18, 30, 51, 55, 62, 75, 95 [best: 18] 139318001664
5, 18, 36, 53, 58, 75, 91 [best: 18] 139586437120
5, 19, 20, 43, 44, 47, 80, 86, 121 [best: 18] 139854872576
5, 19, 23, 43, 48, 62, 82, 108, 109 [best: 18] 140123308032
5, 19, 28, 43, 44, 63, 72, 75, 103 [best: 18] 140391743488
5, 19, 37, 43, 44, 65, 83, 93, 113 [best: 18] 140660178944
5, 20, 23, 41, 55, 73, 81, 91 [best: 18] 140928614400
5, 20, 32, 34, 40, 81, 87, 88 [best: 18] 141197049856
5, 21, 24, 40, 51, 68, 69, 73 [best: 18] 141465485312
5, 21, 36, 52, 55, 62, 82, 103 [best: 18] 141733920768
5, 22, 27, 36, 60, 70, 86, 104, 114, 129 [best: 18] 142002356224
5, 23, 24, 53, 56, 65, 67, 86, 93, 111 [best: 18] 142270791680
5, 23, 31, 40, 43, 47, 70, 80, 108 [best: 18] 142539227136
5, 23, 43, 44, 47, 58, 66, 109, 140 [best: 18] 142807662592
5, 24, 33, 35, 41, 45, 53, 86 [best: 18] 143076098048
5, 25, 30, 33, 42, 61, 66, 73 [best: 18] 143344533504
5, 26, 32, 38, 47, 70, 73, 116 [best: 18] 143612968960
5, 27, 37, 39, 44, 64, 66, 95 [best: 18] 143881404416
5, 29, 37, 49, 54, 67, 68, 71, 80, 98 [best: 18] 144149839872
5, 31, 37, 48, 51, 82, 89, 95, 102 [best: 18] 144418275328
5, 32, 39, 53, 54, 74, 75, 85 [best: 18] 144686710784
6, 7, 11, 39, 48, 50, 68, 74 [best: 18] 144955146240
6, 7, 28, 33, 35, 37, 46, 50 [best: 18] 145223581696
6, 8, 13, 24, 66, 78, 91, 116 [best: 18] 145492017152
6, 8, 18, 24, 43, 73, 106, 113, 135 [best: 18] 145760452608
6, 8, 25, 28, 35, 43, 63, 91 [best: 18] 146028888064
6, 9, 12, 15, 23, 25, 82, 119 [best: 18] 146297323520
6, 9, 18, 34, 41, 68, 78, 87, 103 [best: 18] 146565758976
6, 9, 36, 43, 54, 58, 77, 81 [best: 18] 146834194432
6, 10, 15, 22, 26, 55, 79, 86, 106 [best: 18] 147102629888
6, 10, 26, 30, 39, 57, 63, 64, 97 [best: 18] 147371065344
6, 11, 18, 39, 51, 55, 71, 75 [best: 18] 147639500800
6, 12, 17, 22, 28, 54, 65, 70 [best: 18] 147907936256
6, 13, 15, 22, 29, 73, 95, 120 [best: 18] 148176371712
6, 13, 21, 31, 32, 40, 86, 100, 106 [best: 18] 148444807168
6, 13, 29, 52, 65, 66, 82, 86 [best: 18] 148713242624
6, 14, 18, 28, 33, 56, 83, 91 [best: 18] 148981678080
6, 14, 26, 50, 59, 66, 74, 76, 91 [best: 18] 149250113536
6, 15, 19, 46, 49, 56, 80, 90, 104 [best: 18] 149518548992
6, 15, 38, 43, 45, 53, 91, 97 [best: 18] 149786984448
6, 17, 21, 32, 38, 40, 42, 47 [best: 18] 150055419904
6, 18, 23, 26, 66, 78, 85, 94, 115 [best: 18] 150323855360
6, 18, 34, 41, 52, 53, 56, 64 [best: 18] 150592290816
6, 19, 29, 35, 41, 77, 89, 101 [best: 18] 150860726272
6, 21, 22, 24, 25, 39, 41, 52 [best: 18] 151129161728
6, 22, 26, 28, 57, 68, 76, 100 [best: 18] 151397597184
6, 23, 29, 30, 39, 50, 86, 100 [best: 18] 151666032640
6, 24, 29, 48, 54, 62, 82, 94 [best: 18] 151934468096
6, 26, 29, 45, 53, 54, 100, 119 [best: 18] 152202903552
6, 30, 33, 40, 45, 71, 73, 85, 109, 121 [best: 18] 152471339008
7, 8, 13, 21, 41, 59, 72, 104 [best: 18] 152739774464
7, 8, 17, 41, 46, 50, 54, 66, 72 [best: 18] 153008209920
7, 8, 24, 42, 49, 60, 83, 99, 130 [best: 18] 153276645376
7, 9, 11, 29, 37, 40, 62, 83 [best: 18] 153545080832
7, 9, 19, 33, 40, 56, 81, 92, 120 [best: 18] 153813516288
7, 10, 12, 32, 33, 49, 55, 86 [best: 18] 154081951744
7, 10, 16, 26, 42, 55, 61, 70, 82, 107 [best: 18] 154350387200
7, 10, 25, 41, 57, 70, 82, 91, 106 [best: 18] 154618822656
7, 11, 16, 20, 31, 50, 53, 80 [best: 18] 154887258112
7, 12, 14, 19, 35, 39, 48, 74 [best: 18] 155155693568
7, 13, 14, 18, 39, 46, 64, 101 [best: 18] 155424129024
7, 13, 19, 50, 67, 71, 89, 96 [best: 18] 155692564480
7, 13, 27, 44, 47, 56, 63, 81 [best: 18] 155960999936
7, 14, 17, 24, 36, 45, 58, 68, 70 [best: 18] 156229435392
7, 14, 25, 54, 62, 73, 77, 97 [best: 18] 156497870848
7, 15, 19, 40, 44, 61, 63, 64, 100 [best: 18] 156766306304
7, 15, 35, 38, 48, 51, 62, 86 [best: 18] 157034741760
7, 17, 19, 21, 36, 64, 83, 90 [best: 18] 157303177216
7, 18, 22, 29, 33, 43, 70, 92 [best: 18] 157571612672
7, 18, 33, 36, 47, 63, 82 [best: 18] 157840048128
7, 19, 26, 42, 48, 54, 58, 82 [best: 18] 158108483584
7, 20, 37, 48, 57, 62, 68 [best: 18] 158376919040
7, 22, 26, 42, 54, 55, 74, 85, 91 [best: 18] 158645354496
7, 23, 32, 39, 51, 53, 77, 100 [best: 18] 158913789952
7, 24, 32, 40, 45, 63, 64, 77 [best: 18] 159182225408
7, 26, 28, 38, 51, 52, 71, 99 [best: 18] 159450660864
7, 30, 32, 37, 55, 56, 65, 87, 110 [best: 18] 159719096320
8, 9, 13, 19, 23, 25, 58, 100 [best: 18] 159987531776
8, 9, 15, 41, 71, 73, 86, 102 [best: 18] 160255967232
8, 9, 21, 33, 39, 81, 87, 122, 134 [best: 18] 160524402688
8, 9, 28, 48, 55, 68, 77, 109 [best: 18] 160792838144
8, 10, 12, 17, 27, 29, 30, 75, 93 [best: 18] 161061273600
8, 10, 14, 23, 56, 57, 80, 108, 110 [best: 18] 161329709056
8, 10, 17, 41, 45, 56, 73, 84, 111 [best: 18] 161598144512
8, 10, 22, 34, 43, 44, 66, 96, 118, 133 [best: 18] 161866579968
8, 10, 30, 40, 63, 72, 86, 87, 113, 127 [best: 18] 162135015424
8, 11, 13, 23, 32, 73, 81, 123 [best: 18] 162403450880
8, 11, 17, 26, 51, 68, 70, 74, 98 [best: 18] 162671886336
8, 11, 22, 34, 57, 79, 81, 84 [best: 18] 162940321792
8, 11, 31, 34, 73, 76, 97, 106, 167 [best: 18] 163208757248
8, 12, 14, 48, 52, 65, 95, 109 [best: 18] 163477192704
8, 12, 19, 32, 35, 43, 67, 71 [best: 18] 163745628160
8, 12, 24, 44, 58, 71, 86, 90 [best: 18] 164014063616
8, 12, 41, 53, 55, 63, 74, 104 [best: 18] 164282499072
8, 13, 16, 19, 41, 61, 81, 95 [best: 18] 164550934528
8, 13, 18, 35, 43, 64, 68, 110, 156 [best: 18] 164819369984
8, 13, 20, 23, 58, 67, 80, 115, 142 [best: 18] 165087805440
8, 13, 22, 34, 42, 78, 93, 127, 137 [best: 18] 165356240896
8, 13, 24, 34, 37, 74, 79, 82 [best: 18] 165624676352
8, 13, 27, 34, 41, 53, 96, 98 [best: 18] 165893111808
8, 13, 31, 38, 48, 64, 79, 89, 112 [best: 18] 166161547264
8, 13, 35, 51, 63, 78, 99, 126 [best: 18] 166429982720
8, 13, 44, 52, 55, 82, 92, 110, 131, 139 [best: 18] 166698418176
8, 14, 17, 27, 67, 78, 91, 96, 98, 111 [best: 18] 166966853632
8, 14, 20, 26, 44, 84, 85, 118, 120 [best: 18] 167235289088
8, 14, 23, 29, 76, 85, 88, 117, 127 [best: 18] 167503724544
8, 14, 26, 44, 72, 77, 83, 88, 93 [best: 18] 167772160000
8, 14, 32, 40, 50, 61, 81, 110 [best: 18] 168040595456
8, 14, 43, 52, 53, 61, 75, 78, 96 [best: 18] 168309030912
8, 15, 18, 44, 50, 57, 73, 131, 132 [best: 18] 168577466368
8, 15, 22, 25, 66, 80, 88, 122, 125 [best: 18] 168845901824
8, 15, 25, 34, 62, 77, 96, 106, 142 [best: 18] 169114337280
8, 15, 31, 32, 59, 63, 96, 105, 138 [best: 18] 169382772736
8, 15, 39, 60, 71, 93, 96, 110, 131 [best: 18] 169651208192
8, 16, 21, 28, 31, 57, 106, 120, 134 [best: 18] 169919643648
8, 16, 28, 29, 63, 80, 82, 85, 109 [best: 18] 170188079104
8, 17, 19, 26, 34, 50, 99 [best: 18] 170456514560
8, 17, 23, 41, 59, 86, 90, 101, 145 [best: 18] 170724950016
8, 17, 29, 34, 66, 69, 81, 106, 116, 126 [best: 18] 170993385472
8, 18, 19, 27, 34, 62, 102, 131 [best: 18] 171261820928
8, 18, 22, 35, 36, 76, 84, 113, 133 [best: 18] 171530256384
8, 18, 26, 27, 37, 46, 55, 131 [best: 18] 171798691840
8, 18, 29, 37, 44, 48, 72, 116, 144 [best: 18] 172067127296
8, 18, 34, 51, 52, 74, 89, 126 [best: 18] 172335562752
8, 18, 43, 54, 57, 63, 86, 106, 118 [best: 18] 172603998208
8, 19, 23, 40, 61, 65, 82, 96, 122 [best: 18] 172872433664
8, 19, 28, 31, 77, 87, 117, 143 [best: 18] 173140869120
8, 19, 35, 39, 63, 84, 96, 106 [best: 18] 173409304576
8, 20, 23, 30, 40, 53, 56, 101 [best: 18] 173677740032
8, 20, 28, 47, 69, 74, 115, 117 [best: 18] 173946175488
8, 21, 22, 24, 28, 29, 67, 78 [best: 18] 174214610944
8, 21, 26, 46, 50, 63, 96, 107, 111 [best: 18] 174483046400
8, 21, 36, 42, 45, 58, 93, 125 [best: 18] 174751481856
8, 22, 24, 33, 49, 66, 82, 104 [best: 18] 175019917312
8, 22, 26, 53, 54, 55, 58, 75, 151 [best: 18] 175288352768
8, 22, 30, 32, 49, 53, 57, 91 [best: 18] 175556788224
8, 22, 35, 43, 56, 59, 79, 80 [best: 18] 175825223680
8, 22, 43, 46, 49, 51, 71, 72, 97, 122 [best: 18] 176093659136
8, 23, 26, 53, 62, 73, 81, 116 [best: 18] 176362094592
8, 23, 32, 35, 56, 70, 79, 97 [best: 18] 176630530048
8, 23, 39, 47, 58, 73, 101, 115, 134 [best: 18] 176898965504
8, 24, 27, 36, 51, 63, 67, 147 [best: 18] 177167400960
8, 24, 32, 43, 58, 62, 64, 103 [best: 18] 177435836416
8, 24, 38, 56, 61, 74, 83, 106, 107 [best: 18] 177704271872
8, 25, 30, 38, 54, 65, 90, 97 [best: 18] 177972707328
8, 26, 28, 43, 64, 87, 101, 109, 130 [best: 18] 178241142784
8, 26, 33, 60, 62, 76, 79, 96 [best: 18] 178509578240
8, 27, 29, 31, 34, 35, 37, 86 [best: 18] 178778013696
8, 28, 29, 40, 50, 78, 81, 85, 99 [best: 18] 179046449152
8, 28, 41, 54, 61, 75, 86, 94 [best: 18] 179314884608
8, 30, 33, 42, 43, 73, 83, 109 [best: 18] 179583320064
chain (18):
x1 = 000000001111
x2 = 000011110000
x3 = 001100110011
x4 = 010101010101
x5 = x2 ^ x3 = 001111000011
x6 = x4 ^ x5 = 011010010110
x7 = x4 | x5 = x4 | x6 = x5 | x6 = 011111010111
x8 = x1 < x7 = 011111010000
x9 = x2 < x8 = 011100000000 [target]
x10 = x3 ^ x8 = 010011100011
x11 = x4 < x9 = 001000000000 [target]
x12 = x6 < x10 = 000001100001 [target]
x13 = x1 ^ x12 = 000001101110
x14 = x5 | x13 = 001111101111 [target]
x15 = x10 > x13 = 010010000001 [target]
x16 = x5 > x15 = 001101000010
x17 = x6 ^ x16 = 010111010100 [target]
x18 = x8 ^ x16 = 010010010010 [target]

8, 31, 36, 38, 45, 47, 119, 124 [best: 18] 179851755520
8, 31, 46, 50, 51, 59, 85, 101 [best: 18] 180120190976
8, 32, 39, 47, 54, 71, 72, 95, 104, 125 [best: 18] 180388626432
9, 10, 11, 20, 39, 55, 62, 88, 89 [best: 18] 180657061888
9, 10, 14, 30, 62, 74, 77, 91 [best: 18] 180925497344
9, 10, 21, 23, 31, 54, 72, 76 [best: 18] 181193932800
9, 10, 33, 44, 47, 64, 82, 87, 123 [best: 18] 181462368256
9, 11, 16, 24, 49, 51, 69, 91 [best: 18] 181730803712
9, 11, 25, 37, 42, 50, 52, 102, 108 [best: 18] 181999239168
9, 12, 15, 38, 53, 66, 79, 102 [best: 18] 182267674624
9, 12, 25, 26, 55, 76, 81, 121 [best: 18] 182536110080
9, 13, 15, 30, 51, 76, 77, 91 [best: 18] 182804545536
9, 13, 19, 27, 69, 78, 83, 114 [best: 18] 183072980992
9, 13, 23, 33, 59, 63, 85, 92 [best: 18] 183341416448
9, 13, 29, 31, 52, 61, 87, 123 [best: 18] 183609851904
9, 13, 39, 44, 72, 83, 94, 103, 131, 155 [best: 18] 183878287360
9, 14, 18, 27, 30, 76, 91, 94 [best: 18] 184146722816
9, 14, 23, 37, 63, 70, 90, 108 [best: 18] 184415158272
9, 14, 32, 42, 47, 58, 82, 88 [best: 18] 184683593728
9, 15, 18, 33, 70, 76, 93, 94, 134 [best: 18] 184952029184
9, 15, 23, 57, 58, 81, 100, 120 [best: 18] 185220464640
9, 15, 35, 39, 54, 62, 67, 101 [best: 18] 185488900096
9, 16, 25, 41, 46, 52, 59, 75 [best: 18] 185757335552
9, 17, 25, 50, 56, 65, 92, 96, 117, 129 [best: 18] 186025771008
9, 18, 22, 39, 60, 62, 94, 123 [best: 18] 186294206464
9, 18, 28, 44, 59, 80, 82, 87, 123 [best: 18] 186562641920
9, 18, 39, 42, 47, 91, 114, 120, 137 [best: 18] 186831077376
9, 19, 24, 50, 51, 69, 76, 77, 86, 100 [best: 18] 187099512832
9, 20, 21, 31, 33, 60, 70, 96 [best: 18] 187367948288
9, 20, 37, 40, 41, 49, 52, 89 [best: 18] 187636383744
9, 21, 36, 42, 61, 79, 84, 88 [best: 18] 187904819200
9, 22, 36, 43, 53, 57, 61, 85, 101 [best: 18] 188173254656
9, 23, 29, 52, 66, 72, 82, 98 [best: 18] 188441690112
9, 24, 25, 36, 42, 72, 92, 98, 123, 126 [best: 18] 188710125568
9, 24, 36, 42, 56, 60, 66, 101, 115, 160 [best: 18] 188978561024
9, 25, 32, 33, 50, 51, 58, 65, 96, 112 [best: 18] 189246996480
9, 26, 39, 48, 52, 62, 101, 121, 130 [best: 18] 189515431936
9, 29, 32, 49, 51, 52, 87, 91, 115, 123 [best: 18] 189783867392
9, 31, 39, 46, 47, 63, 108, 122 [best: 18] 190052302848
10, 11, 12, 25, 34, 44, 64, 92 [best: 18] 190320738304
10, 11, 17, 19, 28, 46, 61, 100 [best: 18] 190589173760
10, 11, 24, 43, 55, 75, 79, 95, 112 [best: 18] 190857609216
10, 12, 14, 19, 46, 52, 62, 67, 77 [best: 18] 191126044672
10, 12, 20, 25, 37, 38, 48, 84 [best: 18] 191394480128
10, 12, 31, 34, 57, 60, 87, 99 [best: 18] 191662915584
10, 13, 15, 22, 56, 77, 83, 90, 111, 134 [best: 18] 191931351040
10, 13, 18, 43, 56, 65, 96, 99, 116 [best: 18] 192199786496
10, 13, 21, 51, 58, 74, 85, 114 [best: 18] 192468221952
10, 13, 25, 28, 42, 49, 55, 67, 100 [best: 18] 192736657408
10, 13, 31, 35, 39, 53, 55, 129 [best: 18] 193005092864
10, 13, 39, 50, 58, 74, 91, 94, 111, 165 [best: 18] 193273528320
10, 14, 16, 31, 60, 74, 75, 89 [best: 18] 193541963776
10, 14, 19, 34, 51, 60, 80, 97, 109 [best: 18] 193810399232
10, 14, 23, 26, 32, 43, 55, 101, 124 [best: 18] 194078834688
10, 14, 26, 48, 53, 83, 89, 92 [best: 18] 194347270144
10, 14, 35, 43, 44, 46, 48, 79, 86 [best: 18] 194615705600
10, 15, 18, 26, 54, 62, 103, 113 [best: 18] 194884141056
10, 15, 23, 24, 72, 76, 77, 85, 106, 109 [best: 18] 195152576512
10, 15, 30, 37, 41, 60, 71, 84 [best: 18] 195421011968
10, 16, 18, 47, 53, 67, 72, 94 [best: 18] 195689447424
10, 16, 34, 42, 50, 54, 87, 91 [best: 18] 195957882880
10, 17, 28, 42, 45, 47, 73, 83, 96 [best: 18] 196226318336
10, 18, 22, 34, 44, 52, 100, 107 [best: 18] 196494753792
10, 18, 26, 39, 71, 76, 81, 91, 96 [best: 18] 196763189248
10, 18, 34, 40, 77, 93, 97, 108, 119, 142 [best: 18] 197031624704
10, 19, 20, 43, 44, 48, 49, 69, 70 [best: 18] 197300060160
10, 19, 28, 51, 59, 72, 73, 90 [best: 18] 197568495616
10, 20, 23, 32, 50, 60, 67, 78 [best: 18] 197836931072
10, 20, 32, 38, 47, 70, 83, 114, 124 [best: 18] 198105366528
10, 21, 24, 42, 56, 78, 98, 113 [best: 18] 198373801984
10, 21, 36, 56, 62, 66, 80, 92, 99 [best: 18] 198642237440
10, 22, 28, 38, 51, 54, 71, 85 [best: 18] 198910672896
10, 23, 25, 57, 62, 72, 100, 123 [best: 18] 199179108352
10, 23, 32, 38, 52, 55, 70, 93, 104 [best: 18] 199447543808
10, 23, 45, 53, 57, 61, 76, 107, 118 [best: 18] 199715979264
10, 24, 36, 41, 42, 64, 80, 82, 114, 117 [best: 18] 199984414720
10, 25, 33, 38, 42, 46, 49, 56, 91 [best: 18] 200252850176
10, 26, 37, 39, 41, 65, 73, 97, 101 [best: 18] 200521285632
10, 28, 32, 34, 37, 40, 41, 79, 93 [best: 18] 200789721088
10, 30, 38, 49, 60, 68, 72, 83 [best: 18] 201058156544
10, 32, 33, 49, 51, 62, 65, 69, 76 [best: 18] 201326592000
10, 33, 39, 46, 52, 54, 82, 106 [best: 18] 201595027456
11, 13, 14, 18, 27, 53, 84, 91 [best: 18] 201863462912
11, 13, 21, 38, 47, 64, 67, 102 [best: 18] 202131898368
11, 13, 36, 37, 60, 75, 78, 116 [best: 18] 202400333824
11, 14, 23, 26, 34, 80, 88, 107 [best: 18] 202668769280
11, 15, 18, 22, 46, 52, 80, 85, 101, 118 [best: 18] 202937204736
11, 16, 17, 19, 28, 29, 57, 66 [best: 18] 203205640192
11, 17, 19, 35, 44, 66, 69, 103 [best: 18] 203474075648
11, 18, 21, 29, 34, 39, 59, 63, 115 [best: 18] 203742511104
11, 18, 29, 32, 44, 63, 67, 101, 111 [best: 18] 204010946560
11, 19, 21, 40, 47, 54, 67, 81, 83 [best: 18] 204279382016
11, 20, 23, 32, 60, 77, 78, 88 [best: 18] 204547817472
11, 21, 30, 41, 51, 67, 87, 90 [best: 18] 204816252928
11, 23, 24, 54, 58, 83, 84, 88, 133 [best: 18] 205084688384
11, 23, 40, 53, 66, 73, 81, 83 [best: 18] 205353123840
11, 24, 41, 44, 45, 59, 68, 78, 84 [best: 18] 205621559296
11, 28, 35, 49, 56, 66, 71, 79, 107, 129 [best: 18] 205889994752
12, 13, 18, 20, 34, 43, 71, 83, 103 [best: 18] 206158430208
12, 13, 25, 34, 47, 56, 84, 105 [best: 18] 206426865664
12, 14, 19, 22, 36, 47, 63, 77, 91 [best: 18] 206695301120
12, 15, 17, 18, 37, 66, 75, 94, 101 [best: 18] 206963736576
12, 15, 28, 45, 46, 56, 60, 72, 90 [best: 18] 207232172032
12, 16, 28, 41, 43, 64, 76, 104, 112 [best: 18] 207500607488
12, 17, 34, 44, 52, 53, 68, 96, 112 [best: 18] 207769042944
12, 18, 26, 38, 63, 73, 89, 101 [best: 18] 208037478400
12, 19, 22, 48, 54, 67, 69, 75, 116 [best: 18] 208305913856
12, 20, 23, 32, 35, 44, 46, 108 [best: 18] 208574349312
12, 21, 29, 34, 44, 46, 70, 87 [best: 18] 208842784768
12, 22, 38, 45, 46, 48, 50, 68 [best: 18] 209111220224
12, 23, 38, 40, 42, 47, 76, 88 [best: 18] 209379655680
12, 24, 35, 45, 46, 51, 62, 67, 72 [best: 18] 209648091136
12, 26, 35, 44, 59, 81, 84, 109, 127 [best: 18] 209916526592
12, 30, 40, 47, 48, 50, 64, 75, 100 [best: 18] 210184962048
13, 14, 21, 22, 46, 49, 57, 82 [best: 18] 210453397504
13, 14, 28, 29, 32, 37, 59, 94 [best: 18] 210721832960
13, 15, 18, 19, 44, 54, 71, 74, 121 [best: 18] 210990268416
13, 15, 23, 34, 67, 74, 77, 99 [best: 18] 211258703872
13, 15, 35, 42, 47, 52, 65, 66, 104 [best: 18] 211527139328
13, 16, 23, 28, 29, 39, 61, 102 [best: 18] 211795574784
13, 17, 18, 34, 38, 49, 76, 77, 101 [best: 18] 212064010240
13, 17, 26, 37, 49, 69, 70, 84, 90 [best: 18] 212332445696
13, 18, 20, 30, 32, 34, 49, 123 [best: 18] 212600881152
13, 18, 23, 34, 50, 71, 76, 98, 118 [best: 18] 212869316608
13, 18, 26, 45, 70, 75, 89, 107 [best: 18] 213137752064
13, 18, 30, 51, 66, 73, 75, 91, 102 [best: 18] 213406187520
13, 18, 36, 38, 53, 83, 96, 118 [best: 18] 213674622976
13, 19, 20, 32, 69, 75, 77, 108, 117 [best: 18] 213943058432
13, 19, 24, 29, 31, 51, 97, 120, 127, 174 [best: 18] 214211493888
13, 19, 29, 31, 72, 96, 106, 115, 124 [best: 18] 214479929344
13, 19, 31, 46, 50, 60, 68, 102 [best: 18] 214748364800
13, 20, 21, 46, 61, 76, 94, 108, 138 [best: 18] 215016800256
13, 20, 28, 29, 32, 74, 82, 99 [best: 18] 215285235712
13, 21, 22, 26, 50, 77, 94, 95, 129 [best: 18] 215553671168
13, 21, 27, 49, 57, 76, 80, 94, 119 [best: 18] 215822106624
13, 21, 42, 52, 59, 64, 82, 112 [best: 18] 216090542080
13, 22, 26, 45, 47, 51, 53, 59, 83 [best: 18] 216358977536
13, 22, 32, 49, 55, 56, 84, 110 [best: 18] 216627412992
13, 23, 25, 26, 40, 59, 65, 72 [best: 18] 216895848448
13, 23, 28, 39, 65, 66, 89, 108 [best: 18] 217164283904
13, 23, 35, 43, 47, 89, 95, 109 [best: 18] 217432719360
13, 24, 25, 28, 43, 64, 74, 79, 157 [best: 18] 217701154816
13, 24, 29, 47, 57, 63, 68, 74 [best: 18] 217969590272
13, 24, 38, 43, 49, 50, 53, 89, 125 [best: 18] 218238025728
13, 25, 27, 31, 37, 61, 107, 110, 112 [best: 18] 218506461184
13, 26, 27, 37, 38, 65, 72, 114, 134 [best: 18] 218774896640
13, 26, 33, 41, 44, 47, 69, 104 [best: 18] 219043332096
13, 27, 29, 30, 39, 50, 65, 74 [best: 18] 219311767552
13, 27, 41, 46, 49, 55, 72, 103, 125, 135 [best: 18] 219580203008
13, 29, 31, 52, 54, 62, 84, 95 [best: 18] 219848638464
13, 30, 37, 41, 46, 76, 93, 100, 112 [best: 18] 220117073920
13, 31, 36, 56, 63, 85, 96, 108 [best: 18] 220385509376
13, 32, 35, 41, 60, 65, 67, 100 [best: 18] 220653944832
13, 32, 45, 50, 61, 67, 86, 96 [best: 18] 220922380288
14, 15, 20, 38, 41, 56, 58, 77 [best: 18] 221190815744
14, 15, 31, 40, 46, 55, 90, 97 [best: 18] 221459251200
14, 16, 24, 27, 43, 54, 62, 70, 87 [best: 18] 221727686656
14, 17, 22, 29, 33, 42, 57, 107, 124 [best: 18] 221996122112
14, 18, 19, 30, 32, 35, 55, 56, 73 [best: 18] 222264557568
14, 18, 24, 26, 51, 71, 80, 92, 100 [best: 18] 222532993024
14, 18, 30, 48, 54, 58, 70, 87, 104, 105 [best: 18] 222801428480
14, 18, 38, 52, 64, 79, 95, 122 [best: 18] 223069863936
14, 19, 25, 30, 34, 38, 59, 101, 120 [best: 18] 223338299392
14, 19, 39, 47, 54, 61, 64, 86, 91, 102 [best: 18] 223606734848
14, 20, 30, 44, 47, 62, 64, 77, 93, 102 [best: 18] 223875170304
14, 21, 26, 50, 60, 73, 78, 111 [best: 18] 224143605760
14, 22, 25, 37, 46, 70, 78, 79 [best: 18] 224412041216
14, 22, 40, 48, 58, 61, 65, 72, 101 [best: 18] 224680476672
14, 23, 28, 41, 56, 79, 111, 112 [best: 18] 224948912128
14, 23, 41, 47, 60, 68, 75, 99 [best: 18] 225217347584
14, 24, 30, 31, 48, 50, 73, 90, 111 [best: 18] 225485783040
14, 24, 42, 46, 48, 58, 76, 89, 116 [best: 18] 225754218496
14, 26, 29, 32, 34, 82, 93, 97, 124 [best: 18] 226022653952
14, 27, 30, 39, 43, 44, 56, 94 [best: 18] 226291089408
14, 29, 30, 35, 37, 39, 50, 68, 93 [best: 18] 226559524864
14, 31, 32, 43, 50, 52, 61, 97, 124, 136 [best: 18] 226827960320
14, 32, 37, 39, 57, 58, 67, 75, 81 [best: 18] 227096395776
15, 16, 24, 25, 33, 45, 64, 77 [best: 18] 227364831232
15, 17, 23, 36, 38, 57, 62, 82, 85 [best: 18] 227633266688
15, 18, 21, 23, 40, 52, 86, 89, 100 [best: 18] 227901702144
15, 18, 25, 28, 55, 58, 61, 100 [best: 18] 228170137600
15, 18, 31, 41, 46, 53, 65, 77, 119 [best: 18] 228438573056
15, 18, 38, 53, 76, 92, 101, 124 [best: 18] 228707008512
15, 19, 23, 49, 65, 68, 72, 84 [best: 18] 228975443968
15, 19, 32, 36, 43, 49, 59, 90 [best: 18] 229243879424
15, 20, 24, 46, 60, 63, 74, 92 [best: 18] 229512314880
15, 21, 23, 32, 34, 60, 76, 92, 93, 103 [best: 18] 229780750336
15, 21, 41, 52, 58, 60, 77, 85 [best: 18] 230049185792
15, 22, 37, 47, 49, 58, 62, 73 [best: 18] 230317621248
15, 23, 29, 44, 54, 56, 100, 112 [best: 18] 230586056704
15, 23, 42, 54, 59, 79, 95, 100, 124, 132 [best: 18] 230854492160
15, 24, 34, 45, 57, 79, 90, 113, 125 [best: 18] 231122927616
15, 25, 32, 40, 47, 77, 90, 96, 105, 140 [best: 18] 231391363072
15, 26, 38, 42, 58, 67, 89, 92, 114 [best: 18] 231659798528
15, 29, 30, 38, 48, 64, 68, 71, 95 [best: 18] 231928233984
15, 31, 34, 39, 54, 92, 96, 112 [best: 18] 232196669440
15, 32, 39, 44, 62, 63, 73, 101 [best: 18] 232465104896
16, 17, 35, 44, 52, 60, 80, 83 [best: 18] 232733540352
16, 18, 28, 32, 36, 76, 97, 101 [best: 18] 233001975808
16, 19, 23, 34, 36, 44, 61, 92 [best: 18] 233270411264
16, 20, 23, 47, 59, 79, 90, 94, 105, 125 [best: 18] 233538846720
16, 21, 35, 46, 56, 69, 76, 92 [best: 18] 233807282176
16, 23, 26, 39, 48, 61, 89, 94, 150 [best: 18] 234075717632
16, 24, 28, 43, 64, 69, 95, 101, 123, 140 [best: 18] 234344153088
16, 26, 27, 35, 49, 77, 95, 97, 113 [best: 18] 234612588544
16, 30, 34, 37, 58, 70, 91 [best: 18] 234881024000
17, 18, 26, 46, 52, 55, 88, 98, 114 [best: 18] 235149459456
17, 19, 24, 26, 30, 39, 88, 94 [best: 18] 235417894912
17, 20, 26, 28, 38, 40, 80, 81 [best: 18] 235686330368
17, 21, 30, 35, 36, 53, 60, 64 [best: 18] 235954765824
17, 22, 38, 48, 50, 78, 80, 90 [best: 18] 236223201280
17, 23, 36, 40, 61, 80, 91, 110 [best: 18] 236491636736
17, 24, 35, 37, 51, 67, 70, 88 [best: 18] 236760072192
17, 26, 31, 39, 42, 48, 49, 52, 82 [best: 18] 237028507648
17, 29, 30, 41, 52, 66, 68, 112 [best: 18] 237296943104
18, 19, 22, 35, 44, 58, 74, 78, 103 [best: 18] 237565378560
18, 19, 29, 32, 60, 72, 109, 121, 127 [best: 18] 237833814016
18, 19, 41, 48, 57, 65, 66, 108 [best: 18] 238102249472
18, 20, 28, 31, 49, 66, 80, 114, 149 [best: 18] 238370684928
18, 21, 23, 26, 28, 92, 101, 113 [best: 18] 238639120384
18, 21, 28, 37, 47, 61, 101, 103 [best: 18] 238907555840
18, 21, 45, 48, 51, 67, 68, 106 [best: 18] 239175991296
18, 22, 26, 40, 59, 60, 88, 114 [best: 18] 239444426752
18, 22, 31, 36, 45, 49, 97, 110, 127 [best: 18] 239712862208
18, 22, 43, 49, 51, 55, 71, 74, 83, 87 [best: 18] 239981297664
18, 23, 26, 51, 63, 71, 106, 124, 143 [best: 18] 240249733120
18, 23, 30, 59, 67, 86, 97, 118, 135 [best: 18] 240518168576
18, 23, 37, 46, 49, 53, 77, 105 [best: 18] 240786604032
18, 24, 26, 38, 46, 65, 87, 113, 141, 154 [best: 18] 241055039488
18, 24, 30, 55, 60, 66, 80, 104 [best: 18] 241323474944
18, 24, 38, 41, 49, 64, 80, 82, 97, 121 [best: 18] 241591910400
18, 25, 26, 51, 77, 97, 117, 130 [best: 18] 241860345856
18, 25, 37, 51, 55, 80, 83, 85 [best: 18] 242128781312
18, 26, 31, 34, 53, 59, 70, 126, 158 [best: 18] 242397216768
18, 26, 36, 38, 53, 77, 87, 117, 121 [best: 18] 242665652224
18, 26, 39, 43, 65, 67, 95, 101 [best: 18] 242934087680
18, 27, 33, 34, 62, 67, 91, 112 [best: 18] 243202523136
18, 28, 31, 32, 35, 63, 86, 96, 104, 135 [best: 18] 243470958592
18, 28, 38, 56, 69, 83, 84, 105, 124 [best: 18] 243739394048
18, 29, 36, 53, 59, 83, 87, 96, 132 [best: 18] 244007829504
18, 30, 37, 43, 56, 60, 82, 94 [best: 18] 244276264960
18, 31, 36, 38, 44, 47, 52, 115 [best: 18] 244544700416
18, 31, 37, 58, 62, 68, 70, 92, 149 [best: 18] 244813135872
18, 32, 36, 46, 49, 77, 91, 92, 119, 125 [best: 18] 245081571328
18, 32, 44, 48, 59, 61, 91, 103 [best: 18] 245350006784
19, 20, 23, 43, 59, 62, 87, 94, 106 [best: 18] 245618442240
19, 21, 22, 33, 44, 46, 59, 68 [best: 18] 245886877696
19, 21, 34, 45, 49, 62, 76, 78 [best: 18] 246155313152
19, 22, 28, 30, 31, 50, 54, 57, 72 [best: 18] 246423748608
19, 23, 24, 46, 48, 57, 78, 99 [best: 18] 246692184064
19, 23, 30, 31, 50, 68, 89, 115 [best: 18] 246960619520
19, 23, 38, 62, 67, 72, 74, 75, 79 [best: 18] 247229054976
19, 24, 30, 33, 60, 67, 71, 90, 100, 123 [best: 18] 247497490432
19, 24, 41, 47, 71, 76, 90, 96, 98 [best: 18] 247765925888
19, 26, 28, 47, 48, 63, 68, 96 [best: 18] 248034361344
19, 27, 29, 34, 45, 59, 79, 120 [best: 18] 248302796800
19, 28, 37, 39, 42, 52, 71, 74 [best: 18] 248571232256
19, 30, 38, 42, 45, 56, 58, 64, 115, 129 [best: 18] 248839667712
19, 32, 34, 46, 51, 65, 70, 83 [best: 18] 249108103168
20, 21, 25, 40, 53, 69, 73, 90 [best: 18] 249376538624
20, 22, 25, 53, 54, 63, 89, 97 [best: 18] 249644974080
20, 23, 25, 34, 36, 49, 64, 94 [best: 18] 249913409536
20, 23, 35, 49, 70, 76, 105, 118 [best: 18] 250181844992
20, 24, 29, 38, 51, 55, 72, 90, 102, 126 [best: 18] 250450280448
20, 25, 27, 29, 32, 38, 62, 89 [best: 18] 250718715904
20, 26, 34, 43, 46, 76, 84, 108 [best: 18] 250987151360
20, 28, 36, 37, 47, 48, 62, 65 [best: 18] 251255586816
20, 31, 34, 45, 51, 70, 100, 112 [best: 18] 251524022272
20, 32, 39, 44, 47, 66, 78, 88 [best: 18] 251792457728
21, 22, 33, 40, 46, 58, 75, 94, 122 [best: 18] 252060893184
21, 23, 32, 40, 47, 72, 83, 103 [best: 18] 252329328640
21, 24, 28, 33, 54, 80, 99, 105 [best: 18] 252597764096
21, 24, 37, 40, 52, 66, 72, 84, 90, 94 [best: 18] 252866199552
21, 25, 27, 46, 63, 73, 76, 85, 95 [best: 18] 253134635008
21, 28, 33, 36, 49, 77, 108, 113 [best: 18] 253403070464
21, 29, 39, 40, 46, 57, 60, 100, 120, 136 [best: 18] 253671505920
21, 34, 35, 43, 46, 49, 66, 82 [best: 18] 253939941376
22, 23, 29, 41, 44, 46, 96, 103 [best: 18] 254208376832
22, 24, 26, 28, 37, 51, 54, 61 [best: 18] 254476812288
22, 24, 39, 48, 52, 74, 85, 87, 94 [best: 18] 254745247744
22, 25, 34, 38, 46, 73, 102, 125 [best: 18] 255013683200
22, 28, 29, 33, 57, 85, 86, 102, 121 [best: 18] 255282118656
22, 28, 40, 50, 54, 73, 90, 103 [best: 18] 255550554112
22, 30, 33, 38, 45, 57, 67, 78, 125 [best: 18] 255818989568
22, 33, 37, 43, 46, 49, 72, 88, 108, 123 [best: 18] 256087425024
23, 24, 25, 40, 53, 58, 95, 97, 98, 128 [best: 18] 256355860480
23, 24, 32, 43, 46, 69, 89, 96, 121, 157 [best: 18] 256624295936
23, 24, 40, 48, 61, 79, 98, 108, 127 [best: 18] 256892731392
23, 25, 31, 53, 58, 75, 86, 101, 113 [best: 18] 257161166848
23, 26, 35, 55, 60, 71, 81, 82, 106 [best: 18] 257429602304
23, 28, 30, 35, 36, 57, 101, 124, 129 [best: 18] 257698037760
23, 28, 37, 42, 57, 82, 91, 123 [best: 18] 257966473216
23, 29, 33, 47, 48, 61, 93, 100, 117 [best: 18] 258234908672
23, 30, 35, 46, 51, 60, 88, 107, 112, 135 [best: 18] 258503344128
23, 32, 33, 36, 40, 45, 82, 86 [best: 18] 258771779584
23, 33, 39, 50, 62, 63, 64, 108 [best: 18] 259040215040
23, 35, 36, 40, 63, 86, 99, 128 [best: 18] 259308650496
24, 25, 30, 38, 48, 57, 62, 75, 109, 117 [best: 18] 259577085952
24, 26, 30, 32, 37, 45, 59, 69, 99 [best: 18] 259845521408
24, 27, 30, 41, 52, 58, 63, 85, 100, 105 [best: 18] 260113956864
24, 28, 33, 44, 47, 53, 66, 69, 113, 153 [best: 18] 260382392320
24, 28, 38, 42, 46, 65, 82, 91, 95, 157 [best: 18] 260650827776
24, 30, 31, 36, 38, 66, 87, 90, 102 [best: 18] 260919263232
24, 30, 36, 38, 45, 46, 60, 83, 96 [best: 18] 261187698688
24, 30, 38, 42, 56, 64, 66, 124, 131, 164 [best: 18] 261456134144
24, 30, 38, 55, 57, 67, 79, 88, 115, 128 [best: 18] 261724569600
24, 33, 35, 39, 44, 47, 70, 90, 107, 134 [best: 18] 261993005056
24, 33, 44, 45, 47, 57, 85, 91, 120 [best: 18] 262261440512
24, 35, 38, 39, 66, 94, 99, 106, 133, 140 [best: 18] 262529875968
24, 35, 38, 48, 55, 57, 77, 82, 127, 153 [best: 18] 262798311424
25, 27, 36, 43, 49, 55, 79, 81 [best: 18] 263066746880
25, 29, 38, 46, 47, 62, 78, 81 [best: 18] 263335182336
25, 34, 36, 51, 55, 63, 94, 98 [best: 18] 263603617792
total chains: 263675232692
new expressions at chain length:
                   n                       sum              avg              min              max
 4:                1                        15               15               15               15
 5:               26                       204                7                6               10
 6:              529                      4893                9                3               15
 7:            10633                    109672               10                2               18
 8:           227734                   2586153               11                1               23
 9:          5353631                  67525787               12                1               28
10:        139683804                1952917364               13                0               33
11:       4050128517               62222818724               15                0               38
12:       2922144347               41849658462               14                0               41
13:       1189353035               16770930060               14                0               44
14:         75017116                1271916118               16                0               47
15:          2506428                  53807285               21                1               48
16:            56329                   1224912               21                4               44
17:             1523                     31581               20                9               41
